filename,label
01235.png,hateful
01236.png,not_hateful
01243.png,hateful
01245.png,not_hateful
01247.png,hateful
01256.png,not_hateful
01258.png,hateful
01264.png,not_hateful
01268.png,hateful
01269.png,not_hateful
01274.png,hateful
01275.png,not_hateful
01276.png,hateful
01278.png,not_hateful
01284.png,hateful
01285.png,not_hateful
01293.png,hateful
01295.png,not_hateful
01324.png,hateful
01325.png,not_hateful
01327.png,hateful
01329.png,not_hateful
01348.png,hateful
01349.png,not_hateful
01358.png,hateful
01359.png,not_hateful
01364.png,hateful
01368.png,not_hateful
01379.png,hateful
01382.png,not_hateful
01389.png,hateful
01392.png,not_hateful
01395.png,hateful
01397.png,not_hateful
01423.png,hateful
01425.png,not_hateful
01436.png,hateful
01439.png,not_hateful
01452.png,hateful
01456.png,not_hateful
01459.png,hateful
01465.png,not_hateful
01467.png,hateful
01468.png,not_hateful
01469.png,hateful
01472.png,not_hateful
01475.png,hateful
01476.png,not_hateful
01483.png,hateful
01487.png,not_hateful
01492.png,hateful
01497.png,not_hateful
01498.png,hateful
01524.png,not_hateful
01526.png,hateful
01527.png,not_hateful
01529.png,hateful
01546.png,not_hateful
01547.png,hateful
01548.png,not_hateful
01562.png,hateful
01564.png,not_hateful
01567.png,hateful
01568.png,not_hateful
01569.png,hateful
01576.png,not_hateful
01578.png,hateful
01579.png,not_hateful
01589.png,hateful
01594.png,not_hateful
01598.png,hateful
01627.png,not_hateful
01634.png,hateful
01637.png,not_hateful
01642.png,hateful
01643.png,not_hateful
01649.png,hateful
01653.png,not_hateful
01658.png,hateful
01672.png,not_hateful
01674.png,hateful
01682.png,not_hateful
01689.png,hateful
01694.png,not_hateful
01698.png,hateful
01723.png,not_hateful
01726.png,hateful
01734.png,not_hateful
01735.png,hateful
01736.png,not_hateful
01738.png,hateful
01742.png,not_hateful
01743.png,hateful
01746.png,not_hateful
01749.png,hateful
01756.png,not_hateful
01758.png,hateful
01762.png,not_hateful
01763.png,hateful
01765.png,not_hateful
01768.png,hateful
01793.png,not_hateful
01794.png,hateful
01796.png,not_hateful
01823.png,hateful
01827.png,not_hateful
01829.png,hateful
01834.png,not_hateful
01835.png,hateful
01836.png,not_hateful
01842.png,hateful
01845.png,not_hateful
01854.png,hateful
01865.png,not_hateful
01874.png,hateful
01875.png,not_hateful
01892.png,hateful
01893.png,not_hateful
01894.png,hateful
01896.png,not_hateful
01924.png,hateful
01925.png,not_hateful
01926.png,hateful
01936.png,not_hateful
01937.png,hateful
01943.png,not_hateful
01953.png,hateful
01954.png,not_hateful
01956.png,hateful
01962.png,not_hateful
01967.png,hateful
01972.png,not_hateful
01974.png,hateful
01975.png,not_hateful
02138.png,hateful
02139.png,not_hateful
02143.png,hateful
02145.png,not_hateful
02146.png,hateful
02149.png,not_hateful
02153.png,hateful
02156.png,not_hateful
02157.png,hateful
02158.png,not_hateful
02164.png,hateful
02165.png,not_hateful
02168.png,hateful
02169.png,not_hateful
02183.png,hateful
02185.png,not_hateful
02193.png,hateful
02194.png,not_hateful
02315.png,hateful
02316.png,not_hateful
02317.png,hateful
02349.png,not_hateful
02351.png,hateful
02356.png,not_hateful
02358.png,hateful
02364.png,not_hateful
02365.png,hateful
02367.png,not_hateful
02371.png,hateful
02374.png,not_hateful
02381.png,hateful
02384.png,not_hateful
02385.png,hateful
02389.png,not_hateful
02413.png,hateful
02416.png,not_hateful
02417.png,hateful
02431.png,not_hateful
02435.png,hateful
02436.png,not_hateful
02437.png,hateful
02439.png,not_hateful
02451.png,hateful
02456.png,not_hateful
02457.png,hateful
02459.png,not_hateful
02461.png,hateful
02467.png,not_hateful
02471.png,hateful
02475.png,not_hateful
02476.png,hateful
02478.png,not_hateful
02481.png,hateful
02483.png,not_hateful
02485.png,hateful
02486.png,not_hateful
02497.png,hateful
02514.png,not_hateful
02518.png,hateful
02519.png,not_hateful
02536.png,hateful
02537.png,not_hateful
02538.png,hateful
02543.png,not_hateful
02548.png,hateful
02561.png,not_hateful
02564.png,hateful
02567.png,not_hateful
02568.png,hateful
02569.png,not_hateful
02571.png,hateful
02576.png,not_hateful
02578.png,hateful
02581.png,not_hateful
02584.png,hateful
02587.png,not_hateful
02593.png,hateful
02594.png,not_hateful
02613.png,hateful
02614.png,not_hateful
02619.png,hateful
02631.png,not_hateful
02634.png,hateful
02641.png,not_hateful
02647.png,hateful
02649.png,not_hateful
02653.png,hateful
02654.png,not_hateful
02657.png,hateful
02674.png,not_hateful
02683.png,hateful
02687.png,not_hateful
02691.png,hateful
02697.png,not_hateful
02716.png,hateful
02718.png,not_hateful
02719.png,hateful
02735.png,not_hateful
02751.png,hateful
02761.png,not_hateful
02763.png,hateful
02764.png,not_hateful
02768.png,hateful
02769.png,not_hateful
02783.png,hateful
02789.png,not_hateful
02793.png,hateful
02794.png,not_hateful
02795.png,hateful
02814.png,not_hateful
02815.png,hateful
02816.png,not_hateful
02831.png,hateful
02841.png,not_hateful
02845.png,hateful
02846.png,not_hateful
02849.png,hateful
02853.png,not_hateful
02854.png,hateful
02857.png,not_hateful
02863.png,hateful
02867.png,not_hateful
02876.png,hateful
02879.png,not_hateful
02891.png,hateful
02894.png,not_hateful
02914.png,hateful
02917.png,not_hateful
02918.png,hateful
02934.png,not_hateful
02935.png,hateful
02937.png,not_hateful
02943.png,hateful
02945.png,not_hateful
02946.png,hateful
02947.png,not_hateful
02951.png,hateful
02956.png,not_hateful
02957.png,hateful
02958.png,not_hateful
02965.png,hateful
02967.png,not_hateful
02971.png,hateful
02973.png,not_hateful
02974.png,hateful
02975.png,not_hateful
02983.png,hateful
02984.png,not_hateful
02987.png,hateful
03124.png,not_hateful
03125.png,hateful
03128.png,not_hateful
03145.png,hateful
03146.png,not_hateful
03148.png,hateful
03149.png,not_hateful
03162.png,hateful
03164.png,not_hateful
03165.png,hateful
03172.png,not_hateful
03174.png,hateful
03178.png,not_hateful
03179.png,hateful
03185.png,not_hateful
03186.png,hateful
03187.png,not_hateful
03189.png,hateful
03196.png,not_hateful
03197.png,hateful
03214.png,not_hateful
03217.png,hateful
03218.png,not_hateful
03241.png,hateful
03246.png,not_hateful
03248.png,hateful
03251.png,not_hateful
03254.png,hateful
03256.png,not_hateful
03257.png,hateful
03258.png,not_hateful
03267.png,hateful
03268.png,not_hateful
03271.png,hateful
03275.png,not_hateful
03276.png,hateful
03279.png,not_hateful
03281.png,hateful
03285.png,not_hateful
03289.png,hateful
03291.png,not_hateful
03296.png,hateful
03298.png,not_hateful
03418.png,hateful
03421.png,not_hateful
03429.png,hateful
03468.png,not_hateful
03472.png,hateful
03479.png,not_hateful
03482.png,hateful
03485.png,not_hateful
03495.png,hateful
03519.png,not_hateful
03524.png,hateful
03526.png,not_hateful
03527.png,hateful
03528.png,not_hateful
03547.png,hateful
03562.png,not_hateful
03567.png,hateful
03568.png,not_hateful
03571.png,hateful
03574.png,not_hateful
03581.png,hateful
03587.png,not_hateful
03591.png,hateful
03594.png,not_hateful
03612.png,hateful
03615.png,not_hateful
03618.png,hateful
03624.png,not_hateful
03629.png,hateful
03642.png,not_hateful
03659.png,hateful
03675.png,not_hateful
03678.png,hateful
03681.png,not_hateful
03685.png,hateful
03691.png,not_hateful
03692.png,hateful
03715.png,not_hateful
03718.png,hateful
03728.png,not_hateful
03742.png,hateful
03745.png,not_hateful
03751.png,hateful
03756.png,not_hateful
03759.png,hateful
03761.png,not_hateful
03764.png,hateful
03765.png,not_hateful
03789.png,hateful
03794.png,not_hateful
03795.png,hateful
03798.png,not_hateful
03841.png,hateful
03845.png,not_hateful
03847.png,hateful
03849.png,not_hateful
03854.png,hateful
03857.png,not_hateful
03861.png,hateful
03864.png,not_hateful
03865.png,hateful
03869.png,not_hateful
03871.png,hateful
03874.png,not_hateful
03875.png,hateful
03876.png,not_hateful
03896.png,hateful
03917.png,not_hateful
03924.png,hateful
03926.png,not_hateful
03927.png,hateful
03928.png,not_hateful
03942.png,hateful
03947.png,not_hateful
03957.png,hateful
03962.png,not_hateful
03968.png,hateful
03971.png,not_hateful
03976.png,hateful
03981.png,not_hateful
03984.png,hateful
03985.png,not_hateful
03987.png,hateful
04125.png,not_hateful
04126.png,hateful
04127.png,not_hateful
04132.png,hateful
04135.png,not_hateful
04138.png,hateful
04152.png,not_hateful
04153.png,hateful
04156.png,not_hateful
04157.png,hateful
04162.png,not_hateful
04163.png,hateful
04165.png,not_hateful
04175.png,hateful
04183.png,not_hateful
04185.png,hateful
04187.png,not_hateful
04217.png,hateful
04239.png,not_hateful
04253.png,hateful
04256.png,not_hateful
04257.png,hateful
04258.png,not_hateful
04263.png,hateful
04265.png,not_hateful
04267.png,hateful
04268.png,not_hateful
04269.png,hateful
04273.png,not_hateful
04278.png,hateful
04281.png,not_hateful
04287.png,hateful
04293.png,not_hateful
04295.png,hateful
04296.png,not_hateful
04298.png,hateful
04316.png,not_hateful
04317.png,hateful
04319.png,not_hateful
04321.png,hateful
04325.png,not_hateful
04326.png,hateful
04328.png,not_hateful
04356.png,hateful
04361.png,not_hateful
04362.png,hateful
04371.png,not_hateful
04372.png,hateful
04379.png,not_hateful
04386.png,hateful
04387.png,not_hateful
04397.png,hateful
04398.png,not_hateful
04519.png,hateful
04529.png,not_hateful
04536.png,hateful
04538.png,not_hateful
04563.png,hateful
04567.png,not_hateful
04568.png,hateful
04569.png,not_hateful
04579.png,hateful
04582.png,not_hateful
04583.png,hateful
04591.png,not_hateful
04597.png,hateful
04615.png,not_hateful
04619.png,hateful
04621.png,not_hateful
04623.png,hateful
04629.png,not_hateful
04632.png,hateful
04637.png,not_hateful
04638.png,hateful
04639.png,not_hateful
04651.png,hateful
04658.png,not_hateful
04675.png,hateful
04682.png,not_hateful
04683.png,hateful
04687.png,not_hateful
04689.png,hateful
04695.png,not_hateful
04712.png,hateful
04716.png,not_hateful
04718.png,hateful
04719.png,not_hateful
04726.png,hateful
04728.png,not_hateful
04729.png,hateful
04732.png,not_hateful
04735.png,hateful
04739.png,not_hateful
04758.png,hateful
04759.png,not_hateful
04762.png,hateful
04763.png,not_hateful
04765.png,hateful
04768.png,not_hateful
04769.png,hateful
04782.png,not_hateful
04783.png,hateful
04785.png,not_hateful
04786.png,hateful
04791.png,not_hateful
04796.png,hateful
04798.png,not_hateful
04813.png,hateful
04819.png,not_hateful
04823.png,hateful
04827.png,not_hateful
04851.png,hateful
04853.png,not_hateful
04857.png,hateful
04859.png,not_hateful
04861.png,hateful
04863.png,not_hateful
04869.png,hateful
04873.png,not_hateful
04876.png,hateful
04879.png,not_hateful
04891.png,hateful
04892.png,not_hateful
04897.png,hateful
04912.png,not_hateful
04915.png,hateful
04917.png,not_hateful
04918.png,hateful
04923.png,not_hateful
04925.png,hateful
04926.png,not_hateful
04928.png,hateful
04932.png,not_hateful
04938.png,hateful
04957.png,not_hateful
04958.png,hateful
04967.png,not_hateful
04971.png,hateful
04973.png,not_hateful
04975.png,hateful
04976.png,not_hateful
04978.png,hateful
04982.png,not_hateful
04986.png,hateful
05123.png,not_hateful
05126.png,hateful
05127.png,not_hateful
05129.png,hateful
05134.png,not_hateful
05138.png,hateful
05142.png,not_hateful
05148.png,hateful
05162.png,not_hateful
05164.png,hateful
05172.png,not_hateful
05174.png,hateful
05183.png,not_hateful
05187.png,hateful
05189.png,not_hateful
05192.png,hateful
05198.png,not_hateful
05213.png,hateful
05214.png,not_hateful
05218.png,hateful
05219.png,not_hateful
05231.png,hateful
05238.png,not_hateful
05239.png,hateful
05241.png,not_hateful
05249.png,hateful
05261.png,not_hateful
05264.png,hateful
05269.png,not_hateful
05273.png,hateful
05276.png,not_hateful
05279.png,hateful
05283.png,not_hateful
05294.png,hateful
05296.png,not_hateful
05297.png,hateful
05316.png,not_hateful
05327.png,hateful
05329.png,not_hateful
05346.png,hateful
05349.png,not_hateful
05362.png,hateful
05369.png,not_hateful
05372.png,hateful
05374.png,not_hateful
05376.png,hateful
05379.png,not_hateful
05384.png,hateful
05387.png,not_hateful
05389.png,hateful
05398.png,not_hateful
05421.png,hateful
05429.png,not_hateful
05431.png,hateful
05436.png,not_hateful
05437.png,hateful
05438.png,not_hateful
05439.png,hateful
05461.png,not_hateful
05462.png,hateful
05463.png,not_hateful
05468.png,hateful
05471.png,not_hateful
05476.png,hateful
05479.png,not_hateful
05482.png,hateful
05483.png,not_hateful
05489.png,hateful
05498.png,not_hateful
05612.png,hateful
05614.png,not_hateful
05617.png,hateful
05618.png,not_hateful
05619.png,hateful
05627.png,not_hateful
05642.png,hateful
05643.png,not_hateful
05649.png,hateful
05672.png,not_hateful
05689.png,hateful
05694.png,not_hateful
05712.png,hateful
05716.png,not_hateful
05719.png,hateful
05726.png,not_hateful
05728.png,hateful
05734.png,not_hateful
05736.png,hateful
05741.png,not_hateful
05743.png,hateful
05748.png,not_hateful
05749.png,hateful
05761.png,not_hateful
05762.png,hateful
05763.png,not_hateful
05768.png,hateful
05769.png,not_hateful
05781.png,hateful
05782.png,not_hateful
05784.png,hateful
05789.png,not_hateful
05791.png,hateful
05792.png,not_hateful
05793.png,hateful
05798.png,not_hateful
05813.png,hateful
05819.png,not_hateful
05824.png,hateful
05826.png,not_hateful
05827.png,hateful
05832.png,not_hateful
05841.png,hateful
05846.png,not_hateful
05847.png,hateful
05863.png,not_hateful
05864.png,hateful
05869.png,not_hateful
05872.png,hateful
05874.png,not_hateful
05879.png,hateful
05912.png,not_hateful
05914.png,hateful
05916.png,not_hateful
05917.png,hateful
05918.png,not_hateful
05926.png,hateful
05928.png,not_hateful
05931.png,hateful
05936.png,not_hateful
05938.png,hateful
05941.png,not_hateful
05942.png,hateful
05943.png,not_hateful
05947.png,hateful
05948.png,not_hateful
05962.png,hateful
05968.png,not_hateful
05972.png,hateful
05973.png,not_hateful
05976.png,hateful
05978.png,not_hateful
05983.png,hateful
05984.png,not_hateful
05986.png,hateful
05987.png,not_hateful
06123.png,hateful
06125.png,not_hateful
06127.png,hateful
06135.png,not_hateful
06147.png,hateful
06148.png,not_hateful
06153.png,hateful
06154.png,not_hateful
06157.png,hateful
06158.png,not_hateful
06175.png,hateful
06179.png,not_hateful
06194.png,hateful
06195.png,not_hateful
06197.png,hateful
06198.png,not_hateful
06213.png,hateful
06218.png,not_hateful
06231.png,hateful
06237.png,not_hateful
06239.png,hateful
06243.png,not_hateful
06245.png,hateful
06248.png,not_hateful
06273.png,hateful
06275.png,not_hateful
06278.png,hateful
06281.png,not_hateful
06287.png,hateful
06291.png,not_hateful
06293.png,hateful
06295.png,not_hateful
06315.png,hateful
06319.png,not_hateful
06325.png,hateful
06328.png,not_hateful
06329.png,hateful
06345.png,not_hateful
06348.png,hateful
06349.png,not_hateful
06352.png,hateful
06357.png,not_hateful
06359.png,hateful
06374.png,not_hateful
06375.png,hateful
06378.png,not_hateful
06387.png,hateful
06392.png,not_hateful
06412.png,hateful
06415.png,not_hateful
06418.png,hateful
06425.png,not_hateful
06427.png,hateful
06431.png,not_hateful
06432.png,hateful
06435.png,not_hateful
06439.png,hateful
06453.png,not_hateful
06458.png,hateful
06471.png,not_hateful
06479.png,hateful
06481.png,not_hateful
06482.png,hateful
06483.png,not_hateful
06489.png,hateful
06491.png,not_hateful
06513.png,hateful
06514.png,not_hateful
06519.png,hateful
06524.png,not_hateful
06531.png,hateful
06534.png,not_hateful
06537.png,hateful
06539.png,not_hateful
06541.png,hateful
06543.png,not_hateful
06547.png,hateful
06579.png,not_hateful
06582.png,hateful
06584.png,not_hateful
06589.png,hateful
06593.png,not_hateful
06594.png,hateful
06597.png,not_hateful
06712.png,hateful
06714.png,not_hateful
06715.png,hateful
06723.png,not_hateful
06725.png,hateful
06728.png,not_hateful
06731.png,hateful
06738.png,not_hateful
06739.png,hateful
06749.png,not_hateful
06752.png,hateful
06759.png,not_hateful
06781.png,hateful
06783.png,not_hateful
06791.png,hateful
06793.png,not_hateful
06794.png,hateful
06795.png,not_hateful
06798.png,hateful
06823.png,not_hateful
06824.png,hateful
06825.png,not_hateful
06827.png,hateful
06829.png,not_hateful
06831.png,hateful
06832.png,not_hateful
06839.png,hateful
06842.png,not_hateful
06845.png,hateful
06847.png,not_hateful
06852.png,hateful
06859.png,not_hateful
06871.png,hateful
06873.png,not_hateful
06874.png,hateful
06875.png,not_hateful
06892.png,hateful
06893.png,not_hateful
06897.png,hateful
06914.png,not_hateful
06918.png,hateful
06927.png,not_hateful
06931.png,hateful
06934.png,not_hateful
06937.png,hateful
06945.png,not_hateful
06947.png,hateful
06948.png,not_hateful
06951.png,hateful
06952.png,not_hateful
06958.png,hateful
06973.png,not_hateful
06985.png,hateful
06987.png,not_hateful
07124.png,hateful
07125.png,not_hateful
07126.png,hateful
07134.png,not_hateful
07135.png,hateful
07159.png,not_hateful
07164.png,hateful
07168.png,not_hateful
07192.png,hateful
07193.png,not_hateful
07194.png,hateful
07198.png,not_hateful
07213.png,hateful
07214.png,not_hateful
07215.png,hateful
07218.png,not_hateful
07219.png,hateful
07234.png,not_hateful
07236.png,hateful
07238.png,not_hateful
07239.png,hateful
07241.png,not_hateful
07245.png,hateful
07248.png,not_hateful
07249.png,hateful
07254.png,not_hateful
07258.png,hateful
07259.png,not_hateful
07261.png,hateful
07265.png,not_hateful
07268.png,hateful
07269.png,not_hateful
07284.png,hateful
07285.png,not_hateful
07286.png,hateful
07291.png,not_hateful
07293.png,hateful
07294.png,not_hateful
07312.png,hateful
07314.png,not_hateful
07315.png,hateful
07318.png,not_hateful
07319.png,hateful
07325.png,not_hateful
07328.png,hateful
07345.png,not_hateful
07351.png,hateful
07352.png,not_hateful
07354.png,hateful
07356.png,not_hateful
07369.png,hateful
07382.png,not_hateful
07385.png,hateful
07389.png,not_hateful
07391.png,hateful
07392.png,not_hateful
07396.png,hateful
07398.png,not_hateful
07412.png,hateful
07413.png,not_hateful
07415.png,hateful
07419.png,not_hateful
07425.png,hateful
07426.png,not_hateful
07429.png,hateful
07431.png,not_hateful
07436.png,hateful
07438.png,not_hateful
07451.png,hateful
07452.png,not_hateful
07456.png,hateful
07458.png,not_hateful
07463.png,hateful
07465.png,not_hateful
07469.png,hateful
07481.png,not_hateful
07486.png,hateful
07496.png,not_hateful
07516.png,hateful
07521.png,not_hateful
07523.png,hateful
07524.png,not_hateful
07528.png,hateful
07539.png,not_hateful
07561.png,hateful
07562.png,not_hateful
07582.png,hateful
07591.png,not_hateful
07592.png,hateful
07594.png,not_hateful
07596.png,hateful
07612.png,not_hateful
07615.png,hateful
07618.png,not_hateful
07623.png,hateful
07628.png,not_hateful
07632.png,hateful
07634.png,not_hateful
07642.png,hateful
07645.png,not_hateful
07649.png,hateful
07651.png,not_hateful
07652.png,hateful
07653.png,not_hateful
07658.png,hateful
07659.png,not_hateful
07685.png,hateful
07689.png,not_hateful
07692.png,hateful
07693.png,not_hateful
07694.png,hateful
07698.png,not_hateful
07816.png,hateful
07824.png,not_hateful
07825.png,hateful
07826.png,not_hateful
07832.png,hateful
07834.png,not_hateful
07836.png,hateful
07839.png,not_hateful
07849.png,hateful
07851.png,not_hateful
07852.png,hateful
07853.png,not_hateful
07865.png,hateful
07893.png,not_hateful
07895.png,hateful
07912.png,not_hateful
07913.png,hateful
07915.png,not_hateful
07916.png,hateful
07918.png,not_hateful
07924.png,hateful
07926.png,not_hateful
07931.png,hateful
07934.png,not_hateful
07935.png,hateful
07956.png,not_hateful
07965.png,hateful
07968.png,not_hateful
07983.png,hateful
07984.png,not_hateful
08125.png,hateful
08126.png,not_hateful
08129.png,hateful
08132.png,not_hateful
08134.png,hateful
08137.png,not_hateful
08145.png,hateful
08146.png,not_hateful
08147.png,hateful
08153.png,not_hateful
08162.png,hateful
08163.png,not_hateful
08164.png,hateful
08172.png,not_hateful
08173.png,hateful
08175.png,not_hateful
08176.png,hateful
08179.png,not_hateful
08196.png,hateful
08215.png,not_hateful
08219.png,hateful
08234.png,not_hateful
08241.png,hateful
08243.png,not_hateful
08245.png,hateful
08251.png,not_hateful
08254.png,hateful
08259.png,not_hateful
08261.png,hateful
08267.png,not_hateful
08269.png,hateful
08275.png,not_hateful
08276.png,hateful
08291.png,not_hateful
08294.png,hateful
08295.png,not_hateful
08297.png,hateful
08317.png,not_hateful
08319.png,hateful
08345.png,not_hateful
08346.png,hateful
08349.png,not_hateful
08357.png,hateful
08361.png,not_hateful
08367.png,hateful
08369.png,not_hateful
08372.png,hateful
08374.png,not_hateful
08375.png,hateful
08376.png,not_hateful
08395.png,hateful
08415.png,not_hateful
08416.png,hateful
08419.png,not_hateful
08423.png,hateful
08426.png,not_hateful
08427.png,hateful
08439.png,not_hateful
08451.png,hateful
08452.png,not_hateful
08459.png,hateful
08462.png,not_hateful
08469.png,hateful
08471.png,not_hateful
08476.png,hateful
08495.png,not_hateful
08514.png,hateful
08516.png,not_hateful
08517.png,hateful
08523.png,not_hateful
08524.png,hateful
08531.png,not_hateful
08534.png,hateful
08537.png,not_hateful
08539.png,hateful
08541.png,not_hateful
08546.png,hateful
08563.png,not_hateful
08564.png,hateful
08567.png,not_hateful
08569.png,hateful
08571.png,not_hateful
08591.png,hateful
08593.png,not_hateful
08597.png,hateful
08612.png,not_hateful
08613.png,hateful
08617.png,not_hateful
08621.png,hateful
08624.png,not_hateful
08627.png,hateful
08632.png,not_hateful
08637.png,hateful
08641.png,not_hateful
08643.png,hateful
08645.png,not_hateful
08649.png,hateful
08652.png,not_hateful
08653.png,hateful
08654.png,not_hateful
08657.png,hateful
08659.png,not_hateful
08671.png,hateful
08673.png,not_hateful
08674.png,hateful
08679.png,not_hateful
08691.png,hateful
08693.png,not_hateful
08695.png,hateful
08697.png,not_hateful
08716.png,hateful
08719.png,not_hateful
08725.png,hateful
08726.png,not_hateful
08732.png,hateful
08741.png,not_hateful
08742.png,hateful
08743.png,not_hateful
08761.png,hateful
08765.png,not_hateful
08769.png,hateful
08793.png,not_hateful
08794.png,hateful
08795.png,not_hateful
08912.png,hateful
08914.png,not_hateful
08917.png,hateful
08924.png,not_hateful
08925.png,hateful
08934.png,not_hateful
08937.png,hateful
08941.png,not_hateful
08943.png,hateful
08954.png,not_hateful
08957.png,hateful
08961.png,not_hateful
08962.png,hateful
08964.png,not_hateful
09124.png,hateful
09126.png,not_hateful
09128.png,hateful
09132.png,not_hateful
09138.png,hateful
09148.png,not_hateful
09152.png,hateful
09154.png,not_hateful
09156.png,hateful
09162.png,not_hateful
09174.png,hateful
09175.png,not_hateful
09176.png,hateful
09184.png,not_hateful
09185.png,hateful
09187.png,not_hateful
09213.png,hateful
09215.png,not_hateful
09216.png,hateful
09217.png,not_hateful
09237.png,hateful
09238.png,not_hateful
09241.png,hateful
09247.png,not_hateful
09248.png,hateful
09251.png,not_hateful
09256.png,hateful
09257.png,not_hateful
09263.png,hateful
09265.png,not_hateful
09267.png,hateful
09268.png,not_hateful
09273.png,hateful
09283.png,not_hateful
09284.png,hateful
09285.png,not_hateful
09286.png,hateful
09312.png,not_hateful
09315.png,hateful
09316.png,not_hateful
09317.png,hateful
09321.png,not_hateful
09324.png,hateful
09326.png,not_hateful
09347.png,hateful
09348.png,not_hateful
09352.png,hateful
09357.png,not_hateful
09364.png,hateful
09368.png,not_hateful
09374.png,hateful
09375.png,not_hateful
09376.png,hateful
09382.png,not_hateful
09384.png,hateful
09385.png,not_hateful
09386.png,hateful
09387.png,not_hateful
09413.png,hateful
09418.png,not_hateful
09423.png,hateful
09426.png,not_hateful
09432.png,hateful
09436.png,not_hateful
09457.png,hateful
09461.png,not_hateful
09462.png,hateful
09465.png,not_hateful
09467.png,hateful
09468.png,not_hateful
09478.png,hateful
09482.png,not_hateful
09486.png,hateful
09513.png,not_hateful
09514.png,hateful
09516.png,not_hateful
09518.png,hateful
09523.png,not_hateful
09527.png,hateful
09528.png,not_hateful
09531.png,hateful
09537.png,not_hateful
09547.png,hateful
09561.png,not_hateful
09563.png,hateful
09572.png,not_hateful
09578.png,hateful
09587.png,not_hateful
09615.png,hateful
09617.png,not_hateful
09618.png,hateful
09623.png,not_hateful
09624.png,hateful
09632.png,not_hateful
09634.png,hateful
09638.png,not_hateful
09641.png,hateful
09642.png,not_hateful
09643.png,hateful
09648.png,not_hateful
09657.png,hateful
09675.png,not_hateful
09682.png,hateful
09687.png,not_hateful
09713.png,hateful
09715.png,not_hateful
09716.png,hateful
09718.png,not_hateful
09723.png,hateful
09731.png,not_hateful
09738.png,hateful
09756.png,not_hateful
09765.png,hateful
09768.png,not_hateful
09781.png,hateful
09785.png,not_hateful
09786.png,hateful
09812.png,not_hateful
09814.png,hateful
09821.png,not_hateful
09823.png,hateful
09824.png,not_hateful
09825.png,hateful
09827.png,not_hateful
09831.png,hateful
09834.png,not_hateful
09841.png,hateful
09843.png,not_hateful
09851.png,hateful
09852.png,not_hateful
09863.png,hateful
09867.png,not_hateful
09875.png,hateful
10234.png,not_hateful
10236.png,hateful
10238.png,not_hateful
10246.png,hateful
10254.png,not_hateful
10256.png,hateful
10258.png,not_hateful
10259.png,hateful
10263.png,not_hateful
10264.png,hateful
10268.png,not_hateful
10269.png,hateful
10274.png,not_hateful
10278.png,hateful
10283.png,not_hateful
10285.png,hateful
10287.png,not_hateful
10289.png,hateful
10325.png,not_hateful
10328.png,hateful
10329.png,not_hateful
10345.png,hateful
10348.png,not_hateful
10357.png,hateful
10358.png,not_hateful
10362.png,hateful
10372.png,not_hateful
10384.png,hateful
10385.png,not_hateful
10386.png,hateful
10387.png,not_hateful
10389.png,hateful
10395.png,not_hateful
10396.png,hateful
10397.png,not_hateful
10398.png,hateful
10423.png,not_hateful
10425.png,hateful
10436.png,not_hateful
10438.png,hateful
10453.png,not_hateful
10458.png,hateful
10459.png,not_hateful
10462.png,hateful
10463.png,not_hateful
10465.png,hateful
10469.png,not_hateful
10475.png,hateful
10476.png,not_hateful
10478.png,hateful
10479.png,not_hateful
10482.png,hateful
10483.png,not_hateful
10486.png,hateful
10489.png,not_hateful
10492.png,hateful
10493.png,not_hateful
10524.png,hateful
10527.png,not_hateful
10528.png,hateful
10532.png,not_hateful
10536.png,hateful
10537.png,not_hateful
10538.png,hateful
10539.png,not_hateful
10542.png,hateful
10547.png,not_hateful
10548.png,hateful
10562.png,not_hateful
10564.png,hateful
10567.png,not_hateful
10572.png,hateful
10574.png,not_hateful
10576.png,hateful
10579.png,not_hateful
10582.png,hateful
10583.png,not_hateful
10584.png,hateful
10589.png,not_hateful
10596.png,hateful
10625.png,not_hateful
10627.png,hateful
10629.png,not_hateful
10634.png,hateful
10639.png,not_hateful
10642.png,hateful
10647.png,not_hateful
10649.png,hateful
10652.png,not_hateful
10653.png,hateful
10659.png,not_hateful
10673.png,hateful
10675.png,not_hateful
10682.png,hateful
10689.png,not_hateful
10692.png,hateful
10693.png,not_hateful
10697.png,hateful
10723.png,not_hateful
10725.png,hateful
10732.png,not_hateful
10734.png,hateful
10743.png,not_hateful
10746.png,hateful
10748.png,not_hateful
10749.png,hateful
10752.png,not_hateful
10756.png,hateful
10759.png,not_hateful
10765.png,hateful
10782.png,not_hateful
10784.png,hateful
10785.png,not_hateful
10786.png,hateful
10789.png,not_hateful
10792.png,hateful
10793.png,not_hateful
10794.png,hateful
10827.png,not_hateful
10829.png,hateful
10832.png,not_hateful
10834.png,hateful
10835.png,not_hateful
10836.png,hateful
10837.png,not_hateful
10839.png,hateful
10843.png,not_hateful
10852.png,hateful
10853.png,not_hateful
10857.png,hateful
10865.png,not_hateful
10867.png,hateful
10875.png,not_hateful
10893.png,hateful
10895.png,not_hateful
10896.png,hateful
10926.png,not_hateful
10932.png,hateful
10935.png,not_hateful
10936.png,hateful
10938.png,not_hateful
10943.png,hateful
10946.png,not_hateful
10947.png,hateful
10948.png,not_hateful
10952.png,hateful
10956.png,not_hateful
10962.png,hateful
10963.png,not_hateful
10965.png,hateful
10967.png,not_hateful
10972.png,hateful
10973.png,not_hateful
10976.png,hateful
10983.png,not_hateful
10985.png,hateful
12034.png,not_hateful
12035.png,hateful
12036.png,not_hateful
12039.png,hateful
12045.png,not_hateful
12054.png,hateful
12059.png,not_hateful
12063.png,hateful
12065.png,not_hateful
12067.png,hateful
12068.png,not_hateful
12074.png,hateful
12086.png,not_hateful
12089.png,hateful
12093.png,not_hateful
12094.png,hateful
12096.png,not_hateful
12309.png,hateful
12348.png,not_hateful
12349.png,hateful
12350.png,not_hateful
12356.png,hateful
12358.png,not_hateful
12367.png,hateful
12374.png,not_hateful
12376.png,hateful
12378.png,not_hateful
12389.png,hateful
12394.png,not_hateful
12396.png,hateful
12407.png,not_hateful
12430.png,hateful
12450.png,not_hateful
12453.png,hateful
12460.png,not_hateful
12468.png,hateful
12483.png,not_hateful
12489.png,hateful
12490.png,not_hateful
12493.png,hateful
12495.png,not_hateful
12504.png,hateful
12506.png,not_hateful
12507.png,hateful
12509.png,not_hateful
12534.png,hateful
12536.png,not_hateful
12546.png,hateful
12547.png,not_hateful
12548.png,hateful
12549.png,not_hateful
12560.png,hateful
12568.png,not_hateful
12570.png,hateful
12576.png,not_hateful
12578.png,hateful
12580.png,not_hateful
12589.png,hateful
12594.png,not_hateful
12597.png,hateful
12603.png,not_hateful
12604.png,hateful
12607.png,not_hateful
12608.png,hateful
12630.png,not_hateful
12637.png,hateful
12638.png,not_hateful
12640.png,hateful
12643.png,not_hateful
12647.png,hateful
12648.png,not_hateful
12649.png,hateful
12650.png,not_hateful
12657.png,hateful
12673.png,not_hateful
12675.png,hateful
12678.png,not_hateful
12684.png,hateful
12690.png,not_hateful
12694.png,hateful
12703.png,not_hateful
12704.png,hateful
12709.png,not_hateful
12736.png,hateful
12748.png,not_hateful
12750.png,hateful
12754.png,not_hateful
12763.png,hateful
12765.png,not_hateful
12768.png,hateful
12769.png,not_hateful
12784.png,hateful
12785.png,not_hateful
12793.png,hateful
12804.png,not_hateful
12806.png,hateful
12807.png,not_hateful
12834.png,hateful
12836.png,not_hateful
12837.png,hateful
12839.png,not_hateful
12843.png,hateful
12845.png,not_hateful
12867.png,hateful
12873.png,not_hateful
12876.png,hateful
12890.png,not_hateful
12894.png,hateful
12907.png,not_hateful
12930.png,hateful
12934.png,not_hateful
12935.png,hateful
12936.png,not_hateful
12945.png,hateful
12953.png,not_hateful
12956.png,hateful
12957.png,not_hateful
12958.png,hateful
12960.png,not_hateful
12967.png,hateful
12968.png,not_hateful
12973.png,hateful
12980.png,not_hateful
12983.png,hateful
13026.png,not_hateful
13042.png,hateful
13045.png,not_hateful
13046.png,hateful
13049.png,not_hateful
13058.png,hateful
13067.png,not_hateful
13068.png,hateful
13069.png,not_hateful
13074.png,hateful
13076.png,not_hateful
13078.png,hateful
13085.png,not_hateful
13086.png,hateful
13095.png,not_hateful
13096.png,hateful
13098.png,not_hateful
13207.png,hateful
13208.png,not_hateful
13209.png,hateful
13248.png,not_hateful
13249.png,hateful
13259.png,not_hateful
13269.png,hateful
13270.png,not_hateful
13276.png,hateful
13280.png,not_hateful
13285.png,hateful
13287.png,not_hateful
13289.png,hateful
13297.png,not_hateful
13402.png,hateful
13407.png,not_hateful
13420.png,hateful
13426.png,not_hateful
13428.png,hateful
13450.png,not_hateful
13457.png,hateful
13458.png,not_hateful
13459.png,hateful
13460.png,not_hateful
13465.png,hateful
13469.png,not_hateful
13470.png,hateful
13475.png,not_hateful
13476.png,hateful
13478.png,not_hateful
13482.png,hateful
13486.png,not_hateful
13492.png,hateful
13495.png,not_hateful
13506.png,hateful
13520.png,not_hateful
13528.png,hateful
13540.png,not_hateful
13542.png,hateful
13548.png,not_hateful
13567.png,hateful
13568.png,not_hateful
13570.png,hateful
13572.png,not_hateful
13574.png,hateful
13576.png,not_hateful
13579.png,hateful
13587.png,not_hateful
13590.png,hateful
13592.png,not_hateful
13596.png,hateful
13602.png,not_hateful
13607.png,hateful
13609.png,not_hateful
13620.png,hateful
13624.png,not_hateful
13640.png,hateful
13647.png,not_hateful
13649.png,hateful
13650.png,not_hateful
13652.png,hateful
13657.png,not_hateful
13672.png,hateful
13674.png,not_hateful
13675.png,hateful
13679.png,not_hateful
13690.png,hateful
13692.png,not_hateful
13695.png,hateful
13697.png,not_hateful
13702.png,hateful
13706.png,not_hateful
13720.png,hateful
13724.png,not_hateful
13726.png,hateful
13745.png,not_hateful
13748.png,hateful
13749.png,not_hateful
13750.png,hateful
13764.png,not_hateful
13765.png,hateful
13769.png,not_hateful
13782.png,hateful
13792.png,not_hateful
13795.png,hateful
13798.png,not_hateful
13802.png,hateful
13806.png,not_hateful
13809.png,hateful
13825.png,not_hateful
13842.png,hateful
13849.png,not_hateful
13852.png,hateful
13856.png,not_hateful
13857.png,hateful
13859.png,not_hateful
13865.png,hateful
13870.png,not_hateful
13874.png,hateful
13875.png,not_hateful
13876.png,hateful
13890.png,not_hateful
13894.png,hateful
13895.png,not_hateful
13902.png,hateful
13906.png,not_hateful
13907.png,hateful
13908.png,not_hateful
13924.png,hateful
13945.png,not_hateful
13947.png,hateful
13958.png,not_hateful
13960.png,hateful
13962.png,not_hateful
13964.png,hateful
13968.png,not_hateful
13970.png,hateful
13972.png,not_hateful
13976.png,hateful
13978.png,not_hateful
13986.png,hateful
14026.png,not_hateful
14028.png,hateful
14037.png,not_hateful
14038.png,hateful
14052.png,not_hateful
14056.png,hateful
14059.png,not_hateful
14067.png,hateful
14068.png,not_hateful
14072.png,hateful
14073.png,not_hateful
14078.png,hateful
14079.png,not_hateful
14082.png,hateful
14083.png,not_hateful
14086.png,hateful
14087.png,not_hateful
14092.png,hateful
14096.png,not_hateful
14097.png,hateful
14235.png,not_hateful
14236.png,hateful
14238.png,not_hateful
14239.png,hateful
14259.png,not_hateful
14260.png,hateful
14263.png,not_hateful
14267.png,hateful
14268.png,not_hateful
14270.png,hateful
14275.png,not_hateful
14276.png,hateful
14278.png,not_hateful
14283.png,hateful
14289.png,not_hateful
14296.png,hateful
14297.png,not_hateful
14306.png,hateful
14327.png,not_hateful
14329.png,hateful
14360.png,not_hateful
14362.png,hateful
14365.png,not_hateful
14367.png,hateful
14372.png,not_hateful
14375.png,hateful
14378.png,not_hateful
14379.png,hateful
14386.png,not_hateful
14389.png,hateful
14397.png,not_hateful
14507.png,hateful
14520.png,not_hateful
14523.png,hateful
14527.png,not_hateful
14530.png,hateful
14567.png,not_hateful
14569.png,hateful
14570.png,not_hateful
14573.png,hateful
14579.png,not_hateful
14580.png,hateful
14582.png,not_hateful
14583.png,hateful
14589.png,not_hateful
14590.png,hateful
14598.png,not_hateful
14602.png,hateful
14603.png,not_hateful
14620.png,hateful
14625.png,not_hateful
14632.png,hateful
14650.png,not_hateful
14652.png,hateful
14657.png,not_hateful
14658.png,hateful
14672.png,not_hateful
14673.png,hateful
14675.png,not_hateful
14679.png,hateful
14682.png,not_hateful
14685.png,hateful
14690.png,not_hateful
14695.png,hateful
14697.png,not_hateful
14726.png,hateful
14728.png,not_hateful
14729.png,hateful
14732.png,not_hateful
14750.png,hateful
14762.png,not_hateful
14765.png,hateful
14769.png,not_hateful
14782.png,hateful
14783.png,not_hateful
14785.png,hateful
14789.png,not_hateful
14793.png,hateful
14796.png,not_hateful
14802.png,hateful
14823.png,not_hateful
14829.png,hateful
14830.png,not_hateful
14836.png,hateful
14837.png,not_hateful
14852.png,hateful
14856.png,not_hateful
14859.png,hateful
14862.png,not_hateful
14865.png,hateful
14869.png,not_hateful
14870.png,hateful
14872.png,not_hateful
14873.png,hateful
14876.png,not_hateful
14879.png,hateful
14890.png,not_hateful
14892.png,hateful
14893.png,not_hateful
14896.png,hateful
14897.png,not_hateful
14906.png,hateful
14907.png,not_hateful
14908.png,hateful
14920.png,not_hateful
14950.png,hateful
14953.png,not_hateful
14958.png,hateful
14965.png,not_hateful
14968.png,hateful
14975.png,not_hateful
14976.png,hateful
14986.png,not_hateful
15023.png,hateful
15029.png,not_hateful
15037.png,hateful
15043.png,not_hateful
15049.png,hateful
15062.png,not_hateful
15064.png,hateful
15067.png,not_hateful
15069.png,hateful
15072.png,not_hateful
15076.png,hateful
15078.png,not_hateful
15079.png,hateful
15083.png,not_hateful
15093.png,hateful
15097.png,not_hateful
15203.png,hateful
15208.png,not_hateful
15209.png,hateful
15230.png,not_hateful
15236.png,hateful
15238.png,not_hateful
15243.png,hateful
15260.png,not_hateful
15267.png,hateful
15269.png,not_hateful
15270.png,hateful
15278.png,not_hateful
15280.png,hateful
15283.png,not_hateful
15290.png,hateful
15298.png,not_hateful
15302.png,hateful
15306.png,not_hateful
15308.png,hateful
15320.png,not_hateful
15324.png,hateful
15327.png,not_hateful
15328.png,hateful
15340.png,not_hateful
15349.png,hateful
15368.png,not_hateful
15374.png,hateful
15379.png,not_hateful
15387.png,hateful
15389.png,not_hateful
15392.png,hateful
15394.png,not_hateful
15407.png,hateful
15409.png,not_hateful
15420.png,hateful
15427.png,not_hateful
15432.png,hateful
15438.png,not_hateful
15439.png,hateful
15473.png,not_hateful
15478.png,hateful
15479.png,not_hateful
15480.png,hateful
15489.png,not_hateful
15490.png,hateful
15493.png,not_hateful
15603.png,hateful
15609.png,not_hateful
15630.png,hateful
15632.png,not_hateful
15637.png,hateful
15638.png,not_hateful
15642.png,hateful
15647.png,not_hateful
15648.png,hateful
15649.png,not_hateful
15674.png,hateful
15690.png,not_hateful
15694.png,hateful
15720.png,not_hateful
15723.png,hateful
15726.png,not_hateful
15728.png,hateful
15734.png,not_hateful
15738.png,hateful
15740.png,not_hateful
15743.png,hateful
15746.png,not_hateful
15749.png,hateful
15763.png,not_hateful
15768.png,hateful
15796.png,not_hateful
15798.png,hateful
15803.png,not_hateful
15804.png,hateful
15806.png,not_hateful
15809.png,hateful
15820.png,not_hateful
15824.png,hateful
15839.png,not_hateful
15846.png,hateful
15847.png,not_hateful
15872.png,hateful
15892.png,not_hateful
15893.png,hateful
15902.png,not_hateful
15906.png,hateful
15907.png,not_hateful
15920.png,hateful
15926.png,not_hateful
15927.png,hateful
15928.png,not_hateful
15932.png,hateful
15936.png,not_hateful
15937.png,hateful
15938.png,not_hateful
15942.png,hateful
15948.png,not_hateful
15964.png,hateful
15983.png,not_hateful
16029.png,hateful
16032.png,not_hateful
16035.png,hateful
16039.png,not_hateful
16042.png,hateful
16045.png,not_hateful
16047.png,hateful
16048.png,not_hateful
16049.png,hateful
16052.png,not_hateful
16053.png,hateful
16054.png,not_hateful
16058.png,hateful
16059.png,not_hateful
16072.png,hateful
16075.png,not_hateful
16082.png,hateful
16084.png,not_hateful
16085.png,hateful
16089.png,not_hateful
16093.png,hateful
16097.png,not_hateful
16098.png,hateful
16207.png,not_hateful
16208.png,hateful
16234.png,not_hateful
16240.png,hateful
16245.png,not_hateful
16248.png,hateful
16253.png,not_hateful
16254.png,hateful
16259.png,not_hateful
16275.png,hateful
16278.png,not_hateful
16280.png,hateful
16283.png,not_hateful
16289.png,hateful
16297.png,not_hateful
16298.png,hateful
16302.png,not_hateful
16320.png,hateful
16340.png,not_hateful
16348.png,hateful
16354.png,not_hateful
16357.png,hateful
16359.png,not_hateful
16370.png,hateful
16372.png,not_hateful
16374.png,hateful
16375.png,not_hateful
16380.png,hateful
16382.png,not_hateful
16385.png,hateful
16389.png,not_hateful
16395.png,hateful
16398.png,not_hateful
16405.png,hateful
16407.png,not_hateful
16409.png,hateful
16420.png,not_hateful
16423.png,hateful
16430.png,not_hateful
16435.png,hateful
16437.png,not_hateful
16438.png,hateful
16439.png,not_hateful
16452.png,hateful
16458.png,not_hateful
16459.png,hateful
16470.png,not_hateful
16473.png,hateful
16478.png,not_hateful
16480.png,hateful
16482.png,not_hateful
16487.png,hateful
16490.png,not_hateful
16492.png,hateful
16502.png,not_hateful
16509.png,hateful
16520.png,not_hateful
16529.png,hateful
16532.png,not_hateful
16537.png,hateful
16538.png,not_hateful
16539.png,hateful
16540.png,not_hateful
16543.png,hateful
16548.png,not_hateful
16573.png,hateful
16579.png,not_hateful
16584.png,hateful
16587.png,not_hateful
16592.png,hateful
16593.png,not_hateful
16598.png,hateful
16702.png,not_hateful
16704.png,hateful
16720.png,not_hateful
16723.png,hateful
16734.png,not_hateful
16735.png,hateful
16745.png,not_hateful
16749.png,hateful
16758.png,not_hateful
16759.png,hateful
16780.png,not_hateful
16783.png,hateful
16784.png,not_hateful
16785.png,hateful
16798.png,not_hateful
16803.png,hateful
16804.png,not_hateful
16807.png,hateful
16809.png,not_hateful
16820.png,hateful
16824.png,not_hateful
16827.png,hateful
16830.png,not_hateful
16832.png,hateful
16837.png,not_hateful
16840.png,hateful
16842.png,not_hateful
16843.png,hateful
16845.png,not_hateful
16849.png,hateful
16850.png,not_hateful
16857.png,hateful
16870.png,not_hateful
16873.png,hateful
16874.png,not_hateful
16892.png,hateful
16894.png,not_hateful
16895.png,hateful
16903.png,not_hateful
16904.png,hateful
16920.png,not_hateful
16923.png,hateful
16925.png,not_hateful
16927.png,hateful
16934.png,not_hateful
16935.png,hateful
16947.png,not_hateful
16948.png,hateful
16952.png,not_hateful
16954.png,hateful
16973.png,not_hateful
17023.png,hateful
17025.png,not_hateful
17028.png,hateful
17029.png,not_hateful
17034.png,hateful
17036.png,not_hateful
17045.png,hateful
17052.png,not_hateful
17054.png,hateful
17058.png,not_hateful
17062.png,hateful
17082.png,not_hateful
17086.png,hateful
17089.png,not_hateful
17093.png,hateful
17094.png,not_hateful
17096.png,hateful
17203.png,not_hateful
17205.png,hateful
17208.png,not_hateful
17209.png,hateful
17230.png,not_hateful
17234.png,hateful
17235.png,not_hateful
17236.png,hateful
17238.png,not_hateful
17246.png,hateful
17248.png,not_hateful
17253.png,hateful
17254.png,not_hateful
17263.png,hateful
17265.png,not_hateful
17268.png,hateful
17280.png,not_hateful
17285.png,hateful
17289.png,not_hateful
17290.png,hateful
17294.png,not_hateful
17296.png,hateful
17298.png,not_hateful
17305.png,hateful
17306.png,not_hateful
17308.png,hateful
17320.png,not_hateful
17324.png,hateful
17326.png,not_hateful
17340.png,hateful
17345.png,not_hateful
17348.png,hateful
17350.png,not_hateful
17352.png,hateful
17354.png,not_hateful
17356.png,hateful
17358.png,not_hateful
17359.png,hateful
17369.png,not_hateful
17382.png,hateful
17385.png,not_hateful
17386.png,hateful
17390.png,not_hateful
17392.png,hateful
17398.png,not_hateful
17405.png,hateful
17420.png,not_hateful
17425.png,hateful
17430.png,not_hateful
17438.png,hateful
17439.png,not_hateful
17450.png,hateful
17453.png,not_hateful
17458.png,hateful
17459.png,not_hateful
17462.png,hateful
17469.png,not_hateful
17483.png,hateful
17493.png,not_hateful
17495.png,hateful
17504.png,not_hateful
17508.png,hateful
17523.png,not_hateful
17524.png,hateful
17528.png,not_hateful
17529.png,hateful
17530.png,not_hateful
17532.png,hateful
17534.png,not_hateful
17536.png,hateful
17538.png,not_hateful
17539.png,hateful
17546.png,not_hateful
17548.png,hateful
17562.png,not_hateful
17564.png,hateful
17582.png,not_hateful
17589.png,hateful
17590.png,not_hateful
17594.png,hateful
17596.png,not_hateful
17598.png,hateful
17603.png,not_hateful
17609.png,hateful
17623.png,not_hateful
17624.png,hateful
17630.png,not_hateful
17634.png,hateful
17642.png,not_hateful
17643.png,hateful
17645.png,not_hateful
17649.png,hateful
17652.png,not_hateful
17653.png,hateful
17659.png,not_hateful
17682.png,hateful
17698.png,not_hateful
17802.png,hateful
17805.png,not_hateful
17809.png,hateful
17829.png,not_hateful
17830.png,hateful
17832.png,not_hateful
17834.png,hateful
17835.png,not_hateful
17842.png,hateful
17843.png,not_hateful
17845.png,hateful
17849.png,not_hateful
17850.png,hateful
17852.png,not_hateful
17853.png,hateful
17860.png,not_hateful
17864.png,hateful
17869.png,not_hateful
17892.png,hateful
17894.png,not_hateful
17904.png,hateful
17905.png,not_hateful
17908.png,hateful
17928.png,not_hateful
17932.png,hateful
17934.png,not_hateful
17935.png,hateful
17938.png,not_hateful
17948.png,hateful
17950.png,not_hateful
17953.png,hateful
17956.png,not_hateful
17962.png,hateful
17963.png,not_hateful
17965.png,hateful
18023.png,not_hateful
18029.png,hateful
18034.png,not_hateful
18043.png,hateful
18045.png,not_hateful
18052.png,hateful
18054.png,not_hateful
18059.png,hateful
18067.png,not_hateful
18074.png,hateful
18075.png,not_hateful
18094.png,hateful
18203.png,not_hateful
18204.png,hateful
18207.png,not_hateful
18234.png,hateful
18235.png,not_hateful
18236.png,hateful
18239.png,not_hateful
18246.png,hateful
18250.png,not_hateful
18254.png,hateful
18257.png,not_hateful
18267.png,hateful
18273.png,not_hateful
18274.png,hateful
18275.png,not_hateful
18290.png,hateful
18294.png,not_hateful
18296.png,hateful
18306.png,not_hateful
18307.png,hateful
18325.png,not_hateful
18350.png,hateful
18356.png,not_hateful
18362.png,hateful
18364.png,not_hateful
18367.png,hateful
18379.png,not_hateful
18394.png,hateful
18397.png,not_hateful
18406.png,hateful
18407.png,not_hateful
18409.png,hateful
18420.png,not_hateful
18427.png,hateful
18430.png,not_hateful
18432.png,hateful
18450.png,not_hateful
18452.png,hateful
18453.png,not_hateful
18459.png,hateful
18462.png,not_hateful
18465.png,hateful
18469.png,not_hateful
18475.png,hateful
18490.png,not_hateful
18497.png,hateful
18504.png,not_hateful
18506.png,hateful
18507.png,not_hateful
18509.png,hateful
18524.png,not_hateful
18526.png,hateful
18529.png,not_hateful
18532.png,hateful
18542.png,not_hateful
18546.png,hateful
18547.png,not_hateful
18562.png,hateful
18563.png,not_hateful
18564.png,hateful
18593.png,not_hateful
18594.png,hateful
18597.png,not_hateful
18603.png,hateful
18607.png,not_hateful
18632.png,hateful
18640.png,not_hateful
18642.png,hateful
18647.png,not_hateful
18650.png,hateful
18654.png,not_hateful
18673.png,hateful
18674.png,not_hateful
18675.png,hateful
18679.png,not_hateful
18693.png,hateful
18702.png,not_hateful
18704.png,hateful
18724.png,not_hateful
18726.png,hateful
18730.png,not_hateful
18732.png,hateful
18739.png,not_hateful
18742.png,hateful
18750.png,not_hateful
18752.png,hateful
18759.png,not_hateful
18764.png,hateful
18790.png,not_hateful
18792.png,hateful
18794.png,not_hateful
18795.png,hateful
18926.png,not_hateful
18935.png,hateful
18937.png,not_hateful
18940.png,hateful
18942.png,not_hateful
18943.png,hateful
18945.png,not_hateful
18946.png,hateful
18953.png,not_hateful
18960.png,hateful
18963.png,not_hateful
18965.png,hateful
19026.png,not_hateful
19027.png,hateful
19032.png,not_hateful
19034.png,hateful
19036.png,not_hateful
19047.png,hateful
19062.png,not_hateful
19065.png,hateful
19072.png,not_hateful
19074.png,hateful
19075.png,not_hateful
19084.png,hateful
19085.png,not_hateful
19203.png,hateful
19205.png,not_hateful
19206.png,hateful
19230.png,not_hateful
19234.png,hateful
19238.png,not_hateful
19240.png,hateful
19243.png,not_hateful
19247.png,hateful
19248.png,not_hateful
19253.png,hateful
19256.png,not_hateful
19257.png,hateful
19258.png,not_hateful
19264.png,hateful
19268.png,not_hateful
19275.png,hateful
19284.png,not_hateful
19302.png,hateful
19304.png,not_hateful
19306.png,hateful
19308.png,not_hateful
19320.png,hateful
19324.png,not_hateful
19326.png,hateful
19342.png,not_hateful
19345.png,hateful
19346.png,not_hateful
19352.png,hateful
19357.png,not_hateful
19358.png,hateful
19362.png,not_hateful
19364.png,hateful
19367.png,not_hateful
19370.png,hateful
19372.png,not_hateful
19375.png,hateful
19380.png,not_hateful
19382.png,hateful
19384.png,not_hateful
19385.png,hateful
19386.png,not_hateful
19387.png,hateful
19402.png,not_hateful
19406.png,hateful
19408.png,not_hateful
19420.png,hateful
19423.png,not_hateful
19426.png,hateful
19427.png,not_hateful
19430.png,hateful
19438.png,not_hateful
19452.png,hateful
19457.png,not_hateful
19458.png,hateful
19470.png,not_hateful
19472.png,hateful
19487.png,not_hateful
19502.png,hateful
19503.png,not_hateful
19504.png,hateful
19507.png,not_hateful
19508.png,hateful
19523.png,not_hateful
19526.png,hateful
19530.png,not_hateful
19532.png,hateful
19536.png,not_hateful
19537.png,hateful
19540.png,not_hateful
19542.png,hateful
19543.png,not_hateful
19547.png,hateful
19560.png,not_hateful
19563.png,hateful
19567.png,not_hateful
19573.png,hateful
19582.png,not_hateful
19586.png,hateful
19587.png,not_hateful
19602.png,hateful
19604.png,not_hateful
19607.png,hateful
19623.png,not_hateful
19627.png,hateful
19630.png,not_hateful
19634.png,hateful
19635.png,not_hateful
19637.png,hateful
19643.png,not_hateful
19647.png,hateful
19650.png,not_hateful
19653.png,hateful
19670.png,not_hateful
19672.png,hateful
19678.png,not_hateful
19682.png,hateful
19684.png,not_hateful
19702.png,hateful
19705.png,not_hateful
19726.png,hateful
19730.png,not_hateful
19736.png,hateful
19740.png,not_hateful
19742.png,hateful
19752.png,not_hateful
19753.png,hateful
19758.png,not_hateful
19763.png,hateful
19768.png,not_hateful
19780.png,hateful
19783.png,not_hateful
19820.png,hateful
19823.png,not_hateful
19824.png,hateful
19825.png,not_hateful
19834.png,hateful
19836.png,not_hateful
19837.png,hateful
19840.png,not_hateful
19845.png,hateful
19846.png,not_hateful
19860.png,hateful
19870.png,not_hateful
19873.png,hateful
19874.png,not_hateful
19875.png,hateful
20134.png,not_hateful
20143.png,hateful
20145.png,not_hateful
20146.png,hateful
20148.png,not_hateful
20149.png,hateful
20154.png,not_hateful
20159.png,hateful
20163.png,not_hateful
20165.png,hateful
20173.png,not_hateful
20174.png,hateful
20178.png,not_hateful
20183.png,hateful
20184.png,not_hateful
20187.png,hateful
20194.png,not_hateful
20195.png,hateful
20196.png,not_hateful
20198.png,hateful
20314.png,not_hateful
20316.png,hateful
20317.png,not_hateful
20318.png,hateful
20341.png,not_hateful
20348.png,hateful
20356.png,not_hateful
20369.png,hateful
20371.png,not_hateful
20374.png,hateful
20375.png,not_hateful
20379.png,hateful
20381.png,not_hateful
20386.png,hateful
20395.png,not_hateful
20396.png,hateful
20413.png,not_hateful
20435.png,hateful
20437.png,not_hateful
20438.png,hateful
20459.png,not_hateful
20473.png,hateful
20485.png,not_hateful
20491.png,hateful
20497.png,not_hateful
20498.png,hateful
20513.png,not_hateful
20538.png,hateful
20539.png,not_hateful
20541.png,hateful
20543.png,not_hateful
20567.png,hateful
20568.png,not_hateful
20578.png,hateful
20579.png,not_hateful
20591.png,hateful
20593.png,not_hateful
20598.png,hateful
20613.png,not_hateful
20615.png,hateful
20617.png,not_hateful
20619.png,hateful
20634.png,not_hateful
20643.png,hateful
20651.png,not_hateful
20653.png,hateful
20654.png,not_hateful
20657.png,hateful
20671.png,not_hateful
20673.png,hateful
20674.png,not_hateful
20679.png,hateful
20681.png,not_hateful
20684.png,hateful
20685.png,not_hateful
20691.png,hateful
20693.png,not_hateful
20715.png,hateful
20718.png,not_hateful
20736.png,hateful
20738.png,not_hateful
20739.png,hateful
20745.png,not_hateful
20749.png,hateful
20751.png,not_hateful
20759.png,hateful
20769.png,not_hateful
20781.png,hateful
20786.png,not_hateful
20791.png,hateful
20795.png,not_hateful
20796.png,hateful
20814.png,not_hateful
20815.png,hateful
20819.png,not_hateful
20831.png,hateful
20835.png,not_hateful
20836.png,hateful
20837.png,not_hateful
20846.png,hateful
20851.png,not_hateful
20854.png,hateful
20857.png,not_hateful
20859.png,hateful
20861.png,not_hateful
20867.png,hateful
20869.png,not_hateful
20871.png,hateful
20873.png,not_hateful
20876.png,hateful
20879.png,not_hateful
20891.png,hateful
20893.png,not_hateful
20913.png,hateful
20915.png,not_hateful
20918.png,hateful
20931.png,not_hateful
20936.png,hateful
20941.png,not_hateful
20943.png,hateful
20945.png,not_hateful
20948.png,hateful
20951.png,not_hateful
20956.png,hateful
20957.png,not_hateful
20958.png,hateful
20968.png,not_hateful
20971.png,hateful
20974.png,not_hateful
20975.png,hateful
20978.png,not_hateful
20984.png,hateful
21035.png,not_hateful
21036.png,hateful
21037.png,not_hateful
21038.png,hateful
21043.png,not_hateful
21047.png,hateful
21048.png,not_hateful
21053.png,hateful
21056.png,not_hateful
21059.png,hateful
21063.png,not_hateful
21064.png,hateful
21065.png,not_hateful
21067.png,hateful
21073.png,not_hateful
21075.png,hateful
21078.png,not_hateful
21083.png,hateful
21086.png,not_hateful
21089.png,hateful
21096.png,not_hateful
21305.png,hateful
21309.png,not_hateful
21345.png,hateful
21346.png,not_hateful
21347.png,hateful
21348.png,not_hateful
21349.png,hateful
21354.png,not_hateful
21364.png,hateful
21367.png,not_hateful
21380.png,hateful
21385.png,not_hateful
21386.png,hateful
21387.png,not_hateful
21394.png,hateful
21403.png,not_hateful
21405.png,hateful
21408.png,not_hateful
21435.png,hateful
21436.png,not_hateful
21439.png,hateful
21450.png,not_hateful
21453.png,hateful
21456.png,not_hateful
21468.png,hateful
21479.png,not_hateful
21486.png,hateful
21497.png,not_hateful
21504.png,hateful
21507.png,not_hateful
21509.png,hateful
21530.png,not_hateful
21534.png,hateful
21547.png,not_hateful
21548.png,hateful
21560.png,not_hateful
21567.png,hateful
21569.png,not_hateful
21583.png,hateful
21584.png,not_hateful
21589.png,hateful
21593.png,not_hateful
21596.png,hateful
21597.png,not_hateful
21598.png,hateful
21604.png,not_hateful
21605.png,hateful
21607.png,not_hateful
21609.png,hateful
21637.png,not_hateful
21640.png,hateful
21643.png,not_hateful
21647.png,hateful
21648.png,not_hateful
21650.png,hateful
21653.png,not_hateful
21654.png,hateful
21658.png,not_hateful
21659.png,hateful
21674.png,not_hateful
21683.png,hateful
21693.png,not_hateful
21694.png,hateful
21698.png,not_hateful
21704.png,hateful
21706.png,not_hateful
21730.png,hateful
21739.png,not_hateful
21740.png,hateful
21746.png,not_hateful
21748.png,hateful
21749.png,not_hateful
21753.png,hateful
21763.png,not_hateful
21769.png,hateful
21780.png,not_hateful
21804.png,hateful
21809.png,not_hateful
21835.png,hateful
21836.png,not_hateful
21846.png,hateful
21849.png,not_hateful
21850.png,hateful
21853.png,not_hateful
21859.png,hateful
21863.png,not_hateful
21867.png,hateful
21869.png,not_hateful
21890.png,hateful
21903.png,not_hateful
21904.png,hateful
21908.png,not_hateful
21930.png,hateful
21936.png,not_hateful
21938.png,hateful
21943.png,not_hateful
21946.png,hateful
21948.png,not_hateful
21950.png,hateful
21957.png,not_hateful
21963.png,hateful
21973.png,not_hateful
21978.png,hateful
21986.png,not_hateful
23014.png,hateful
23015.png,not_hateful
23018.png,hateful
23045.png,not_hateful
23046.png,hateful
23047.png,not_hateful
23048.png,hateful
23054.png,not_hateful
23056.png,hateful
23058.png,not_hateful
23059.png,hateful
23061.png,not_hateful
23065.png,hateful
23068.png,not_hateful
23071.png,hateful
23074.png,not_hateful
23075.png,hateful
23076.png,not_hateful
23087.png,hateful
23091.png,not_hateful
23094.png,hateful
23096.png,not_hateful
23105.png,hateful
23106.png,not_hateful
23109.png,hateful
23140.png,not_hateful
23150.png,hateful
23154.png,not_hateful
23158.png,hateful
23159.png,not_hateful
23164.png,hateful
23168.png,not_hateful
23174.png,hateful
23175.png,not_hateful
23178.png,hateful
23187.png,not_hateful
23197.png,hateful
23198.png,not_hateful
23401.png,hateful
23407.png,not_hateful
23408.png,hateful
23415.png,not_hateful
23416.png,hateful
23419.png,not_hateful
23450.png,hateful
23456.png,not_hateful
23459.png,hateful
23467.png,not_hateful
23469.png,hateful
23470.png,not_hateful
23476.png,hateful
23478.png,not_hateful
23485.png,hateful
23498.png,not_hateful
23501.png,hateful
23504.png,not_hateful
23508.png,hateful
23510.png,not_hateful
23514.png,hateful
23516.png,not_hateful
23519.png,hateful
23541.png,not_hateful
23564.png,hateful
23570.png,not_hateful
23576.png,hateful
23578.png,not_hateful
23581.png,hateful
23597.png,not_hateful
23615.png,hateful
23619.png,not_hateful
23645.png,hateful
23648.png,not_hateful
23657.png,hateful
23658.png,not_hateful
23681.png,hateful
23685.png,not_hateful
23690.png,hateful
23694.png,not_hateful
23698.png,hateful
23705.png,not_hateful
23706.png,hateful
23715.png,not_hateful
23741.png,hateful
23745.png,not_hateful
23746.png,hateful
23748.png,not_hateful
23749.png,hateful
23751.png,not_hateful
23754.png,hateful
23759.png,not_hateful
23760.png,hateful
23761.png,not_hateful
23765.png,hateful
23785.png,not_hateful
23789.png,hateful
23790.png,not_hateful
23794.png,hateful
23795.png,not_hateful
23801.png,hateful
23806.png,not_hateful
23807.png,hateful
23810.png,not_hateful
23815.png,hateful
23817.png,not_hateful
23841.png,hateful
23845.png,not_hateful
23849.png,hateful
23851.png,not_hateful
23854.png,hateful
23859.png,not_hateful
23864.png,hateful
23875.png,not_hateful
23876.png,hateful
23879.png,not_hateful
23897.png,hateful
23901.png,not_hateful
23905.png,hateful
23907.png,not_hateful
23908.png,hateful
23910.png,not_hateful
23940.png,hateful
23941.png,not_hateful
23954.png,hateful
23957.png,not_hateful
23961.png,hateful
23967.png,not_hateful
23968.png,hateful
23971.png,not_hateful
24018.png,hateful
24019.png,not_hateful
24038.png,hateful
24039.png,not_hateful
24051.png,hateful
24061.png,not_hateful
24067.png,hateful
24069.png,not_hateful
24083.png,hateful
24095.png,not_hateful
24098.png,hateful
24106.png,not_hateful
24107.png,hateful
24108.png,not_hateful
24109.png,hateful
24130.png,not_hateful
24135.png,hateful
24157.png,not_hateful
24160.png,hateful
24163.png,not_hateful
24165.png,hateful
24178.png,not_hateful
24189.png,hateful
24197.png,not_hateful
24301.png,hateful
24306.png,not_hateful
24308.png,hateful
24309.png,not_hateful
24316.png,hateful
24317.png,not_hateful
24319.png,hateful
24351.png,not_hateful
24356.png,hateful
24357.png,not_hateful
24360.png,hateful
24365.png,not_hateful
24368.png,hateful
24376.png,not_hateful
24380.png,hateful
24389.png,not_hateful
24390.png,hateful
24395.png,not_hateful
24396.png,hateful
24397.png,not_hateful
24398.png,hateful
24501.png,not_hateful
24517.png,hateful
24519.png,not_hateful
24537.png,hateful
24538.png,not_hateful
24560.png,hateful
24567.png,not_hateful
24569.png,hateful
24570.png,not_hateful
24573.png,hateful
24576.png,not_hateful
24579.png,hateful
24580.png,not_hateful
24581.png,hateful
24586.png,not_hateful
24593.png,hateful
24601.png,not_hateful
24603.png,hateful
24607.png,not_hateful
24630.png,hateful
24631.png,not_hateful
24650.png,hateful
24651.png,not_hateful
24653.png,hateful
24658.png,not_hateful
24687.png,hateful
24689.png,not_hateful
24698.png,hateful
24713.png,not_hateful
24716.png,hateful
24730.png,not_hateful
24738.png,hateful
24751.png,not_hateful
24756.png,hateful
24765.png,not_hateful
24769.png,hateful
24781.png,not_hateful
24783.png,hateful
24791.png,not_hateful
24798.png,hateful
24806.png,not_hateful
24810.png,hateful
24815.png,not_hateful
24835.png,hateful
24836.png,not_hateful
24837.png,hateful
24850.png,not_hateful
24851.png,hateful
24853.png,not_hateful
24857.png,hateful
24859.png,not_hateful
24860.png,hateful
24861.png,not_hateful
24865.png,hateful
24870.png,not_hateful
24875.png,hateful
24876.png,not_hateful
24890.png,hateful
24891.png,not_hateful
24905.png,hateful
24907.png,not_hateful
24918.png,hateful
24931.png,not_hateful
24958.png,hateful
24967.png,not_hateful
24971.png,hateful
24973.png,not_hateful
24975.png,hateful
24980.png,not_hateful
24986.png,hateful
25013.png,not_hateful
25017.png,hateful
25037.png,not_hateful
25061.png,hateful
25063.png,not_hateful
25067.png,hateful
25068.png,not_hateful
25071.png,hateful
25079.png,not_hateful
25093.png,hateful
25096.png,not_hateful
25097.png,hateful
25103.png,not_hateful
25107.png,hateful
25109.png,not_hateful
25130.png,hateful
25137.png,not_hateful
25138.png,hateful
25149.png,not_hateful
25164.png,hateful
25168.png,not_hateful
25170.png,hateful
25174.png,not_hateful
25178.png,hateful
25179.png,not_hateful
25180.png,hateful
25189.png,not_hateful
25193.png,hateful
25197.png,not_hateful
25198.png,hateful
25310.png,not_hateful
25314.png,hateful
25316.png,not_hateful
25318.png,hateful
25340.png,not_hateful
25341.png,hateful
25361.png,not_hateful
25367.png,hateful
25368.png,not_hateful
25369.png,hateful
25370.png,not_hateful
25376.png,hateful
25380.png,not_hateful
25381.png,hateful
25384.png,not_hateful
25386.png,hateful
25397.png,not_hateful
25401.png,hateful
25408.png,not_hateful
25413.png,hateful
25416.png,not_hateful
25436.png,hateful
25438.png,not_hateful
25460.png,hateful
25461.png,not_hateful
25463.png,hateful
25467.png,not_hateful
25468.png,hateful
25473.png,not_hateful
25478.png,hateful
25481.png,not_hateful
25483.png,hateful
25489.png,not_hateful
25493.png,hateful
25497.png,not_hateful
25498.png,hateful
25604.png,not_hateful
25610.png,hateful
25614.png,not_hateful
25634.png,hateful
25639.png,not_hateful
25640.png,hateful
25641.png,not_hateful
25643.png,hateful
25681.png,not_hateful
25683.png,hateful
25684.png,not_hateful
25687.png,hateful
25690.png,not_hateful
25693.png,hateful
25706.png,not_hateful
25709.png,hateful
25710.png,not_hateful
25713.png,hateful
25714.png,not_hateful
25716.png,hateful
25718.png,not_hateful
25719.png,hateful
25731.png,not_hateful
25739.png,hateful
25748.png,not_hateful
25749.png,hateful
25760.png,not_hateful
25768.png,hateful
25780.png,not_hateful
25781.png,hateful
25783.png,not_hateful
25784.png,hateful
25791.png,not_hateful
25806.png,hateful
25807.png,not_hateful
25816.png,hateful
25830.png,not_hateful
25837.png,hateful
25839.png,not_hateful
25841.png,hateful
25847.png,not_hateful
25849.png,hateful
25861.png,not_hateful
25874.png,hateful
25893.png,not_hateful
25896.png,hateful
25901.png,not_hateful
25904.png,hateful
25907.png,not_hateful
25908.png,hateful
25913.png,not_hateful
25914.png,hateful
25917.png,not_hateful
25931.png,hateful
25940.png,not_hateful
25943.png,hateful
25948.png,not_hateful
25968.png,hateful
25971.png,not_hateful
25974.png,hateful
25983.png,not_hateful
25984.png,hateful
25986.png,not_hateful
26013.png,hateful
26014.png,not_hateful
26018.png,hateful
26031.png,not_hateful
26034.png,hateful
26043.png,not_hateful
26049.png,hateful
26057.png,not_hateful
26073.png,hateful
26078.png,not_hateful
26084.png,hateful
26085.png,not_hateful
26087.png,hateful
26091.png,not_hateful
26093.png,hateful
26095.png,not_hateful
26107.png,hateful
26137.png,not_hateful
26138.png,hateful
26140.png,not_hateful
26149.png,hateful
26153.png,not_hateful
26159.png,hateful
26170.png,not_hateful
26174.png,hateful
26179.png,not_hateful
26183.png,hateful
26184.png,not_hateful
26185.png,hateful
26187.png,not_hateful
26189.png,hateful
26197.png,not_hateful
26198.png,hateful
26305.png,not_hateful
26307.png,hateful
26314.png,not_hateful
26315.png,hateful
26318.png,not_hateful
26319.png,hateful
26340.png,not_hateful
26347.png,hateful
26348.png,not_hateful
26357.png,hateful
26358.png,not_hateful
26370.png,hateful
26371.png,not_hateful
26374.png,hateful
26375.png,not_hateful
26378.png,hateful
26379.png,not_hateful
26381.png,hateful
26385.png,not_hateful
26390.png,hateful
26391.png,not_hateful
26394.png,hateful
26397.png,not_hateful
26405.png,hateful
26407.png,not_hateful
26409.png,hateful
26410.png,not_hateful
26417.png,hateful
26418.png,not_hateful
26419.png,hateful
26437.png,not_hateful
26438.png,hateful
26439.png,not_hateful
26453.png,hateful
26457.png,not_hateful
26459.png,hateful
26478.png,not_hateful
26481.png,hateful
26489.png,not_hateful
26490.png,hateful
26493.png,not_hateful
26495.png,hateful
26497.png,not_hateful
26507.png,hateful
26530.png,not_hateful
26531.png,hateful
26534.png,not_hateful
26537.png,hateful
26538.png,not_hateful
26543.png,hateful
26547.png,not_hateful
26549.png,hateful
26571.png,not_hateful
26573.png,hateful
26579.png,not_hateful
26590.png,hateful
26598.png,not_hateful
26705.png,hateful
26708.png,not_hateful
26709.png,hateful
26715.png,not_hateful
26731.png,hateful
26735.png,not_hateful
26738.png,hateful
26739.png,not_hateful
26741.png,hateful
26750.png,not_hateful
26754.png,hateful
26759.png,not_hateful
26781.png,hateful
26784.png,not_hateful
26785.png,hateful
26794.png,not_hateful
26795.png,hateful
26803.png,not_hateful
26813.png,hateful
26831.png,not_hateful
26835.png,hateful
26837.png,not_hateful
26839.png,hateful
26841.png,not_hateful
26843.png,hateful
26890.png,not_hateful
26891.png,hateful
26894.png,not_hateful
26903.png,hateful
26905.png,not_hateful
26910.png,hateful
26914.png,not_hateful
26915.png,hateful
26930.png,not_hateful
26940.png,hateful
26943.png,not_hateful
26945.png,hateful
26947.png,not_hateful
26950.png,hateful
26973.png,not_hateful
26980.png,hateful
26981.png,not_hateful
26983.png,hateful
26984.png,not_hateful
26985.png,hateful
26987.png,not_hateful
27014.png,hateful
27016.png,not_hateful
27034.png,hateful
27038.png,not_hateful
27041.png,hateful
27043.png,not_hateful
27048.png,hateful
27053.png,not_hateful
27054.png,hateful
27056.png,not_hateful
27058.png,hateful
27059.png,not_hateful
27063.png,hateful
27068.png,not_hateful
27069.png,hateful
27083.png,not_hateful
27096.png,hateful
27103.png,not_hateful
27105.png,hateful
27106.png,not_hateful
27134.png,hateful
27139.png,not_hateful
27145.png,hateful
27148.png,not_hateful
27150.png,hateful
27153.png,not_hateful
27154.png,hateful
27156.png,not_hateful
27163.png,hateful
27169.png,not_hateful
27180.png,hateful
27185.png,not_hateful
27195.png,hateful
27304.png,not_hateful
27305.png,hateful
27308.png,not_hateful
27309.png,hateful
27310.png,not_hateful
27318.png,hateful
27341.png,not_hateful
27351.png,hateful
27360.png,not_hateful
27365.png,hateful
27369.png,not_hateful
27380.png,hateful
27384.png,not_hateful
27385.png,hateful
27391.png,not_hateful
27395.png,hateful
27398.png,not_hateful
27401.png,hateful
27405.png,not_hateful
27408.png,hateful
27410.png,not_hateful
27416.png,hateful
27418.png,not_hateful
27430.png,hateful
27436.png,not_hateful
27438.png,hateful
27450.png,not_hateful
27456.png,hateful
27461.png,not_hateful
27468.png,hateful
27480.png,not_hateful
27485.png,hateful
27489.png,not_hateful
27490.png,hateful
27491.png,not_hateful
27496.png,hateful
27498.png,not_hateful
27501.png,hateful
27503.png,not_hateful
27506.png,hateful
27510.png,not_hateful
27514.png,hateful
27518.png,not_hateful
27519.png,hateful
27534.png,not_hateful
27543.png,hateful
27548.png,not_hateful
27563.png,hateful
27568.png,not_hateful
27580.png,hateful
27591.png,not_hateful
27603.png,hateful
27604.png,not_hateful
27605.png,hateful
27608.png,not_hateful
27609.png,hateful
27613.png,not_hateful
27614.png,hateful
27630.png,not_hateful
27634.png,hateful
27635.png,not_hateful
27639.png,hateful
27648.png,not_hateful
27654.png,hateful
27659.png,not_hateful
27681.png,hateful
27685.png,not_hateful
27801.png,hateful
27803.png,not_hateful
27805.png,hateful
27806.png,not_hateful
27810.png,hateful
27816.png,not_hateful
27835.png,hateful
27836.png,not_hateful
27843.png,hateful
27845.png,not_hateful
27849.png,hateful
27854.png,not_hateful
27856.png,hateful
27860.png,not_hateful
27861.png,hateful
27864.png,not_hateful
27891.png,hateful
27895.png,not_hateful
27901.png,hateful
27905.png,not_hateful
27908.png,hateful
27913.png,not_hateful
27914.png,hateful
27915.png,not_hateful
27918.png,hateful
27934.png,not_hateful
27943.png,hateful
27946.png,not_hateful
27948.png,hateful
27950.png,not_hateful
27953.png,hateful
27956.png,not_hateful
27958.png,hateful
27960.png,not_hateful
27961.png,hateful
27963.png,not_hateful
27965.png,hateful
27980.png,not_hateful
27981.png,hateful
27986.png,not_hateful
28015.png,hateful
28017.png,not_hateful
28019.png,hateful
28039.png,not_hateful
28043.png,hateful
28045.png,not_hateful
28046.png,hateful
28049.png,not_hateful
28051.png,hateful
28053.png,not_hateful
28059.png,hateful
28061.png,not_hateful
28063.png,hateful
28067.png,not_hateful
28069.png,hateful
28074.png,not_hateful
28076.png,hateful
28096.png,not_hateful
28097.png,hateful
28134.png,not_hateful
28146.png,hateful
28147.png,not_hateful
28154.png,hateful
28157.png,not_hateful
28160.png,hateful
28163.png,not_hateful
28164.png,hateful
28165.png,not_hateful
28173.png,hateful
28175.png,not_hateful
28176.png,hateful
28190.png,not_hateful
28195.png,hateful
28196.png,not_hateful
28197.png,hateful
28306.png,not_hateful
28315.png,hateful
28317.png,not_hateful
28319.png,hateful
28350.png,not_hateful
28356.png,hateful
28360.png,not_hateful
28364.png,hateful
28369.png,not_hateful
28374.png,hateful
28391.png,not_hateful
28394.png,hateful
28395.png,not_hateful
28396.png,hateful
28397.png,not_hateful
28401.png,hateful
28403.png,not_hateful
28405.png,hateful
28406.png,not_hateful
28407.png,hateful
28431.png,not_hateful
28435.png,hateful
28436.png,not_hateful
28437.png,hateful
28439.png,not_hateful
28450.png,hateful
28451.png,not_hateful
28459.png,hateful
28461.png,not_hateful
28463.png,hateful
28470.png,not_hateful
28476.png,hateful
28479.png,not_hateful
28491.png,hateful
28493.png,not_hateful
28495.png,hateful
28497.png,not_hateful
28504.png,hateful
28507.png,not_hateful
28516.png,hateful
28517.png,not_hateful
28534.png,hateful
28541.png,not_hateful
28543.png,hateful
28546.png,not_hateful
28561.png,hateful
28563.png,not_hateful
28564.png,hateful
28567.png,not_hateful
28571.png,hateful
28574.png,not_hateful
28576.png,hateful
28579.png,not_hateful
28590.png,hateful
28597.png,not_hateful
28601.png,hateful
28604.png,not_hateful
28605.png,hateful
28610.png,not_hateful
28613.png,hateful
28614.png,not_hateful
28617.png,hateful
28637.png,not_hateful
28639.png,hateful
28641.png,not_hateful
28657.png,hateful
28659.png,not_hateful
28670.png,hateful
28674.png,not_hateful
28690.png,hateful
28691.png,not_hateful
28695.png,hateful
28704.png,not_hateful
28716.png,hateful
28731.png,not_hateful
28735.png,hateful
28739.png,not_hateful
28751.png,hateful
28756.png,not_hateful
28759.png,hateful
28763.png,not_hateful
28764.png,hateful
28765.png,not_hateful
28790.png,hateful
28791.png,not_hateful
28793.png,hateful
28905.png,not_hateful
28916.png,hateful
28930.png,not_hateful
28935.png,hateful
28936.png,not_hateful
28945.png,hateful
28951.png,not_hateful
28954.png,hateful
28957.png,not_hateful
28964.png,hateful
28967.png,not_hateful
28970.png,hateful
28971.png,not_hateful
28973.png,hateful
28974.png,not_hateful
28976.png,hateful
29013.png,not_hateful
29015.png,hateful
29035.png,not_hateful
29036.png,hateful
29041.png,not_hateful
29043.png,hateful
29046.png,not_hateful
29051.png,hateful
29054.png,not_hateful
29056.png,hateful
29063.png,not_hateful
29067.png,hateful
29071.png,not_hateful
29073.png,hateful
29075.png,not_hateful
29083.png,hateful
29084.png,not_hateful
29104.png,hateful
29130.png,not_hateful
29137.png,hateful
29138.png,not_hateful
29140.png,hateful
29148.png,not_hateful
29150.png,hateful
29158.png,not_hateful
29163.png,hateful
29164.png,not_hateful
29173.png,hateful
29174.png,not_hateful
29176.png,hateful
29178.png,not_hateful
29187.png,hateful
29304.png,not_hateful
29308.png,hateful
29310.png,not_hateful
29316.png,hateful
29345.png,not_hateful
29348.png,hateful
29351.png,not_hateful
29354.png,hateful
29357.png,not_hateful
29364.png,hateful
29376.png,not_hateful
29380.png,hateful
29384.png,not_hateful
29385.png,hateful
29387.png,not_hateful
29401.png,hateful
29406.png,not_hateful
29408.png,hateful
29416.png,not_hateful
29417.png,hateful
29430.png,not_hateful
29437.png,hateful
29438.png,not_hateful
29460.png,hateful
29463.png,not_hateful
29465.png,hateful
29467.png,not_hateful
29468.png,hateful
29470.png,not_hateful
29473.png,hateful
29475.png,not_hateful
29476.png,hateful
29478.png,not_hateful
29481.png,hateful
29483.png,not_hateful
29485.png,hateful
29503.png,not_hateful
29506.png,hateful
29507.png,not_hateful
29508.png,hateful
29513.png,not_hateful
29517.png,hateful
29547.png,not_hateful
29548.png,hateful
29574.png,not_hateful
29576.png,hateful
29581.png,not_hateful
29587.png,hateful
29607.png,not_hateful
29608.png,hateful
29614.png,not_hateful
29617.png,hateful
29630.png,not_hateful
29635.png,hateful
29637.png,not_hateful
29643.png,hateful
29645.png,not_hateful
29671.png,hateful
29675.png,not_hateful
29678.png,hateful
29684.png,not_hateful
29703.png,hateful
29706.png,not_hateful
29708.png,hateful
29710.png,not_hateful
29714.png,hateful
29716.png,not_hateful
29731.png,hateful
29735.png,not_hateful
29740.png,hateful
29746.png,not_hateful
29750.png,hateful
29756.png,not_hateful
29760.png,hateful
29761.png,not_hateful
29764.png,hateful
29785.png,not_hateful
29786.png,hateful
29813.png,not_hateful
29814.png,hateful
29816.png,not_hateful
29835.png,hateful
29841.png,not_hateful
29843.png,hateful
29847.png,not_hateful
29850.png,hateful
29851.png,not_hateful
29857.png,hateful
29863.png,not_hateful
29873.png,hateful
29876.png,not_hateful
30124.png,hateful
30126.png,not_hateful
30127.png,hateful
30128.png,not_hateful
30142.png,hateful
30145.png,not_hateful
30148.png,hateful
30154.png,not_hateful
30156.png,hateful
30157.png,not_hateful
30162.png,hateful
30165.png,not_hateful
30168.png,hateful
30174.png,not_hateful
30175.png,hateful
30182.png,not_hateful
30185.png,hateful
30186.png,not_hateful
30192.png,hateful
30196.png,not_hateful
30216.png,hateful
30241.png,not_hateful
30245.png,hateful
30246.png,not_hateful
30247.png,hateful
30248.png,not_hateful
30249.png,hateful
30251.png,not_hateful
30256.png,hateful
30257.png,not_hateful
30258.png,hateful
30259.png,not_hateful
30261.png,hateful
30264.png,not_hateful
30267.png,hateful
30276.png,not_hateful
30281.png,hateful
30286.png,not_hateful
30289.png,hateful
30291.png,not_hateful
30296.png,hateful
30412.png,not_hateful
30417.png,hateful
30427.png,not_hateful
30428.png,hateful
30452.png,not_hateful
30456.png,hateful
30462.png,not_hateful
30465.png,hateful
30476.png,not_hateful
30478.png,hateful
30481.png,not_hateful
30486.png,hateful
30487.png,not_hateful
30489.png,hateful
30492.png,not_hateful
30495.png,hateful
30497.png,not_hateful
30518.png,hateful
30519.png,not_hateful
30526.png,hateful
30527.png,not_hateful
30529.png,hateful
30546.png,not_hateful
30547.png,hateful
30548.png,not_hateful
30549.png,hateful
30561.png,not_hateful
30567.png,hateful
30569.png,not_hateful
30571.png,hateful
30576.png,not_hateful
30579.png,hateful
30581.png,not_hateful
30582.png,hateful
30586.png,not_hateful
30591.png,hateful
30594.png,not_hateful
30597.png,hateful
30598.png,not_hateful
30615.png,hateful
30618.png,not_hateful
30621.png,hateful
30624.png,not_hateful
30628.png,hateful
30629.png,not_hateful
30642.png,hateful
30648.png,not_hateful
30652.png,hateful
30675.png,not_hateful
30682.png,hateful
30684.png,not_hateful
30687.png,hateful
30692.png,not_hateful
30695.png,hateful
30697.png,not_hateful
30714.png,hateful
30721.png,not_hateful
30726.png,hateful
30742.png,not_hateful
30745.png,hateful
30756.png,not_hateful
30761.png,hateful
30762.png,not_hateful
30764.png,hateful
30765.png,not_hateful
30782.png,hateful
30785.png,not_hateful
30792.png,hateful
30796.png,not_hateful
30815.png,hateful
30816.png,not_hateful
30819.png,hateful
30821.png,not_hateful
30824.png,hateful
30826.png,not_hateful
30829.png,hateful
30841.png,not_hateful
30847.png,hateful
30849.png,not_hateful
30851.png,hateful
30854.png,not_hateful
30859.png,hateful
30862.png,not_hateful
30864.png,hateful
30865.png,not_hateful
30871.png,hateful
30872.png,not_hateful
30894.png,hateful
30896.png,not_hateful
30914.png,hateful
30915.png,not_hateful
30918.png,hateful
30921.png,not_hateful
30927.png,hateful
30928.png,not_hateful
30941.png,hateful
30942.png,not_hateful
30948.png,hateful
30954.png,not_hateful
30957.png,hateful
30958.png,not_hateful
30961.png,hateful
30971.png,not_hateful
30978.png,hateful
30982.png,not_hateful
30986.png,hateful
31024.png,not_hateful
31025.png,hateful
31029.png,not_hateful
31042.png,hateful
31048.png,not_hateful
31057.png,hateful
31058.png,not_hateful
31059.png,hateful
31068.png,not_hateful
31072.png,hateful
31074.png,not_hateful
31076.png,hateful
31082.png,not_hateful
31085.png,hateful
31092.png,not_hateful
31094.png,hateful
31095.png,not_hateful
31096.png,hateful
31097.png,not_hateful
31204.png,hateful
31205.png,not_hateful
31208.png,hateful
31209.png,not_hateful
31250.png,hateful
31256.png,not_hateful
31267.png,hateful
31268.png,not_hateful
31270.png,hateful
31278.png,not_hateful
31280.png,hateful
31284.png,not_hateful
31285.png,hateful
31287.png,not_hateful
31290.png,hateful
31294.png,not_hateful
31295.png,hateful
31405.png,not_hateful
31406.png,hateful
31408.png,not_hateful
31409.png,hateful
31420.png,not_hateful
31426.png,hateful
31427.png,not_hateful
31429.png,hateful
31450.png,not_hateful
31465.png,hateful
31467.png,not_hateful
31468.png,hateful
31470.png,not_hateful
31472.png,hateful
31479.png,not_hateful
31482.png,hateful
31485.png,not_hateful
31487.png,hateful
31495.png,not_hateful
31496.png,hateful
31497.png,not_hateful
31508.png,hateful
31509.png,not_hateful
31526.png,hateful
31527.png,not_hateful
31540.png,hateful
31547.png,not_hateful
31549.png,hateful
31560.png,not_hateful
31568.png,hateful
31569.png,not_hateful
31570.png,hateful
31586.png,not_hateful
31587.png,hateful
31590.png,not_hateful
31592.png,hateful
31598.png,not_hateful
31602.png,hateful
31604.png,not_hateful
31605.png,hateful
31609.png,not_hateful
31624.png,hateful
31625.png,not_hateful
31627.png,hateful
31629.png,not_hateful
31640.png,hateful
31642.png,not_hateful
31645.png,hateful
31647.png,not_hateful
31649.png,hateful
31652.png,not_hateful
31657.png,hateful
31672.png,not_hateful
31678.png,hateful
31684.png,not_hateful
31685.png,hateful
31687.png,not_hateful
31690.png,hateful
31694.png,not_hateful
31695.png,hateful
31702.png,not_hateful
31705.png,hateful
31706.png,not_hateful
31708.png,hateful
31709.png,not_hateful
31720.png,hateful
31728.png,not_hateful
31729.png,hateful
31742.png,not_hateful
31748.png,hateful
31752.png,not_hateful
31758.png,hateful
31760.png,not_hateful
31764.png,hateful
31765.png,not_hateful
31769.png,hateful
31782.png,not_hateful
31786.png,hateful
31792.png,not_hateful
31794.png,hateful
31805.png,not_hateful
31809.png,hateful
31824.png,not_hateful
31847.png,hateful
31849.png,not_hateful
31850.png,hateful
31852.png,not_hateful
31857.png,hateful
31875.png,not_hateful
31876.png,hateful
31892.png,not_hateful
31894.png,hateful
31896.png,not_hateful
31897.png,hateful
31902.png,not_hateful
31905.png,hateful
31907.png,not_hateful
31920.png,hateful
31924.png,not_hateful
31925.png,hateful
31927.png,not_hateful
31928.png,hateful
31948.png,not_hateful
31957.png,hateful
31960.png,not_hateful
31975.png,hateful
31976.png,not_hateful
31985.png,hateful
31987.png,not_hateful
32015.png,hateful
32017.png,not_hateful
32046.png,hateful
32049.png,not_hateful
32051.png,hateful
32054.png,not_hateful
32067.png,hateful
32069.png,not_hateful
32071.png,hateful
32076.png,not_hateful
32081.png,hateful
32089.png,not_hateful
32091.png,hateful
32106.png,not_hateful
32140.png,hateful
32147.png,not_hateful
32149.png,hateful
32150.png,not_hateful
32160.png,hateful
32164.png,not_hateful
32168.png,hateful
32174.png,not_hateful
32189.png,hateful
32198.png,not_hateful
32401.png,hateful
32405.png,not_hateful
32409.png,hateful
32410.png,not_hateful
32415.png,hateful
32416.png,not_hateful
32451.png,hateful
32459.png,not_hateful
32468.png,hateful
32470.png,not_hateful
32476.png,hateful
32478.png,not_hateful
32480.png,hateful
32481.png,not_hateful
32485.png,hateful
32489.png,not_hateful
32490.png,hateful
32491.png,not_hateful
32507.png,hateful
32514.png,not_hateful
32516.png,hateful
32540.png,not_hateful
32546.png,hateful
32548.png,not_hateful
32549.png,hateful
32560.png,not_hateful
32564.png,hateful
32568.png,not_hateful
32570.png,hateful
32576.png,not_hateful
32579.png,hateful
32586.png,not_hateful
32587.png,hateful
32591.png,not_hateful
32596.png,hateful
32604.png,not_hateful
32605.png,hateful
32608.png,not_hateful
32615.png,hateful
32617.png,not_hateful
32640.png,hateful
32647.png,not_hateful
32649.png,hateful
32650.png,not_hateful
32657.png,hateful
32658.png,not_hateful
32670.png,hateful
32674.png,not_hateful
32690.png,hateful
32691.png,not_hateful
32695.png,hateful
32697.png,not_hateful
32698.png,hateful
32701.png,not_hateful
32704.png,hateful
32706.png,not_hateful
32709.png,hateful
32714.png,not_hateful
32716.png,hateful
32746.png,not_hateful
32750.png,hateful
32751.png,not_hateful
32761.png,hateful
32765.png,not_hateful
32768.png,hateful
32781.png,not_hateful
32785.png,hateful
32789.png,not_hateful
32791.png,hateful
32794.png,not_hateful
32795.png,hateful
32796.png,not_hateful
32798.png,hateful
32806.png,not_hateful
32809.png,hateful
32841.png,not_hateful
32849.png,hateful
32854.png,not_hateful
32856.png,hateful
32857.png,not_hateful
32867.png,hateful
32875.png,not_hateful
32876.png,hateful
32891.png,not_hateful
32896.png,hateful
32897.png,not_hateful
32904.png,hateful
32906.png,not_hateful
32907.png,hateful
32915.png,not_hateful
32941.png,hateful
32945.png,not_hateful
32947.png,hateful
32956.png,not_hateful
32957.png,hateful
32960.png,not_hateful
32964.png,hateful
32965.png,not_hateful
32971.png,hateful
32974.png,not_hateful
32980.png,hateful
32981.png,not_hateful
32985.png,hateful
34015.png,not_hateful
34016.png,hateful
34018.png,not_hateful
34021.png,hateful
34028.png,not_hateful
34051.png,hateful
34056.png,not_hateful
34057.png,hateful
34059.png,not_hateful
34065.png,hateful
34067.png,not_hateful
34068.png,hateful
34072.png,not_hateful
34075.png,hateful
34076.png,not_hateful
34078.png,hateful
34079.png,not_hateful
34081.png,hateful
34082.png,not_hateful
34089.png,hateful
34091.png,not_hateful
34092.png,hateful
34095.png,not_hateful
34096.png,hateful
34097.png,not_hateful
34106.png,hateful
34107.png,not_hateful
34109.png,hateful
34127.png,not_hateful
34129.png,hateful
34152.png,not_hateful
34157.png,hateful
34162.png,not_hateful
34165.png,hateful
34170.png,not_hateful
34178.png,hateful
34179.png,not_hateful
34180.png,hateful
34186.png,not_hateful
34189.png,hateful
34190.png,not_hateful
34196.png,hateful
34206.png,not_hateful
34207.png,hateful
34208.png,not_hateful
34209.png,hateful
34215.png,not_hateful
34216.png,hateful
34217.png,not_hateful
34218.png,hateful
34219.png,not_hateful
34250.png,hateful
34258.png,not_hateful
34261.png,hateful
34267.png,not_hateful
34275.png,hateful
34281.png,not_hateful
34291.png,hateful
34295.png,not_hateful
34297.png,hateful
34298.png,not_hateful
34502.png,hateful
34506.png,not_hateful
34508.png,hateful
34509.png,not_hateful
34510.png,hateful
34518.png,not_hateful
34519.png,hateful
34520.png,not_hateful
34521.png,hateful
34526.png,not_hateful
34527.png,hateful
34528.png,not_hateful
34567.png,hateful
34568.png,not_hateful
34570.png,hateful
34571.png,not_hateful
34576.png,hateful
34581.png,not_hateful
34582.png,hateful
34586.png,not_hateful
34587.png,hateful
34591.png,not_hateful
34592.png,hateful
34596.png,not_hateful
34598.png,hateful
34602.png,not_hateful
34609.png,hateful
34618.png,not_hateful
34619.png,hateful
34620.png,not_hateful
34625.png,hateful
34628.png,not_hateful
34629.png,hateful
34652.png,not_hateful
34658.png,hateful
34659.png,not_hateful
34670.png,hateful
34671.png,not_hateful
34675.png,hateful
34678.png,not_hateful
34680.png,hateful
34682.png,not_hateful
34685.png,hateful
34687.png,not_hateful
34695.png,hateful
34698.png,not_hateful
34708.png,hateful
34710.png,not_hateful
34715.png,hateful
34721.png,not_hateful
34726.png,hateful
34728.png,not_hateful
34751.png,hateful
34756.png,not_hateful
34762.png,hateful
34765.png,not_hateful
34768.png,hateful
34780.png,not_hateful
34782.png,hateful
34785.png,not_hateful
34786.png,hateful
34791.png,not_hateful
34795.png,hateful
34796.png,not_hateful
34798.png,hateful
34805.png,not_hateful
34806.png,hateful
34807.png,not_hateful
34815.png,hateful
34816.png,not_hateful
34821.png,hateful
34825.png,not_hateful
34852.png,hateful
34857.png,not_hateful
34862.png,hateful
34870.png,not_hateful
34871.png,hateful
34872.png,not_hateful
34875.png,hateful
34876.png,not_hateful
34897.png,hateful
34901.png,not_hateful
34902.png,hateful
34905.png,not_hateful
34910.png,hateful
34915.png,not_hateful
34920.png,hateful
34925.png,not_hateful
34927.png,hateful
34950.png,not_hateful
34952.png,hateful
34960.png,not_hateful
34961.png,hateful
34965.png,not_hateful
34970.png,hateful
34971.png,not_hateful
34972.png,hateful
34975.png,not_hateful
34978.png,hateful
34981.png,not_hateful
34982.png,hateful
34985.png,not_hateful
35016.png,hateful
35017.png,not_hateful
35041.png,hateful
35048.png,not_hateful
35062.png,hateful
35064.png,not_hateful
35068.png,hateful
35074.png,not_hateful
35079.png,hateful
35081.png,not_hateful
35084.png,hateful
35086.png,not_hateful
35087.png,hateful
35091.png,not_hateful
35096.png,hateful
35097.png,not_hateful
35102.png,hateful
35104.png,not_hateful
35107.png,hateful
35146.png,not_hateful
35160.png,hateful
35167.png,not_hateful
35168.png,hateful
35170.png,not_hateful
35174.png,hateful
35178.png,not_hateful
35182.png,hateful
35186.png,not_hateful
35189.png,hateful
35198.png,not_hateful
35210.png,hateful
35216.png,not_hateful
35217.png,hateful
35218.png,not_hateful
35219.png,hateful
35247.png,not_hateful
35249.png,hateful
35261.png,not_hateful
35264.png,hateful
35271.png,not_hateful
35276.png,hateful
35279.png,not_hateful
35287.png,hateful
35289.png,not_hateful
35298.png,hateful
35401.png,not_hateful
35402.png,hateful
35408.png,not_hateful
35412.png,hateful
35417.png,not_hateful
35419.png,hateful
35429.png,not_hateful
35460.png,hateful
35470.png,not_hateful
35472.png,hateful
35478.png,not_hateful
35480.png,hateful
35482.png,not_hateful
35487.png,hateful
35490.png,not_hateful
35497.png,hateful
35498.png,not_hateful
35601.png,hateful
35602.png,not_hateful
35604.png,hateful
35607.png,not_hateful
35608.png,hateful
35614.png,not_hateful
35618.png,hateful
35620.png,not_hateful
35627.png,hateful
35628.png,not_hateful
35640.png,hateful
35642.png,not_hateful
35647.png,hateful
35670.png,not_hateful
35671.png,hateful
35674.png,not_hateful
35678.png,hateful
35679.png,not_hateful
35680.png,hateful
35684.png,not_hateful
35687.png,hateful
35689.png,not_hateful
35691.png,hateful
35692.png,not_hateful
35701.png,hateful
35704.png,not_hateful
35708.png,hateful
35709.png,not_hateful
35716.png,hateful
35719.png,not_hateful
35724.png,hateful
35726.png,not_hateful
35729.png,hateful
35740.png,not_hateful
35746.png,hateful
35764.png,not_hateful
35768.png,hateful
35780.png,not_hateful
35781.png,hateful
35784.png,not_hateful
35786.png,hateful
35789.png,not_hateful
35794.png,hateful
35796.png,not_hateful
35801.png,hateful
35802.png,not_hateful
35806.png,hateful
35814.png,not_hateful
35840.png,hateful
35860.png,not_hateful
35861.png,hateful
35869.png,not_hateful
35870.png,hateful
35890.png,not_hateful
35894.png,hateful
35896.png,not_hateful
35902.png,hateful
35907.png,not_hateful
35910.png,hateful
35912.png,not_hateful
35916.png,hateful
35917.png,not_hateful
35924.png,hateful
35942.png,not_hateful
35947.png,hateful
35948.png,not_hateful
35964.png,hateful
35967.png,not_hateful
35970.png,hateful
35971.png,not_hateful
35972.png,hateful
36014.png,not_hateful
36019.png,hateful
36021.png,not_hateful
36025.png,hateful
36027.png,not_hateful
36028.png,hateful
36029.png,not_hateful
36047.png,hateful
36048.png,not_hateful
36049.png,hateful
36051.png,not_hateful
36054.png,hateful
36058.png,not_hateful
36072.png,hateful
36075.png,not_hateful
36079.png,hateful
36081.png,not_hateful
36089.png,hateful
36092.png,not_hateful
36095.png,hateful
36097.png,not_hateful
36098.png,hateful
36102.png,not_hateful
36104.png,hateful
36107.png,not_hateful
36109.png,hateful
36120.png,not_hateful
36128.png,hateful
36129.png,not_hateful
36142.png,hateful
36152.png,not_hateful
36158.png,hateful
36170.png,not_hateful
36174.png,hateful
36175.png,not_hateful
36178.png,hateful
36179.png,not_hateful
36184.png,hateful
36185.png,not_hateful
36187.png,hateful
36189.png,not_hateful
36190.png,hateful
36194.png,not_hateful
36195.png,hateful
36197.png,not_hateful
36198.png,hateful
36201.png,not_hateful
36204.png,hateful
36207.png,not_hateful
36210.png,hateful
36214.png,not_hateful
36240.png,hateful
36248.png,not_hateful
36254.png,hateful
36271.png,not_hateful
36281.png,hateful
36294.png,not_hateful
36401.png,hateful
36408.png,not_hateful
36415.png,hateful
36417.png,not_hateful
36418.png,hateful
36420.png,not_hateful
36421.png,hateful
36429.png,not_hateful
36450.png,hateful
36452.png,not_hateful
36458.png,hateful
36459.png,not_hateful
36470.png,hateful
36472.png,not_hateful
36478.png,hateful
36480.png,not_hateful
36481.png,hateful
36497.png,not_hateful
36498.png,hateful
36501.png,not_hateful
36508.png,hateful
36521.png,not_hateful
36524.png,hateful
36540.png,not_hateful
36541.png,hateful
36542.png,not_hateful
36570.png,hateful
36571.png,not_hateful
36578.png,hateful
36581.png,not_hateful
36589.png,hateful
36590.png,not_hateful
36592.png,hateful
36597.png,not_hateful
36598.png,hateful
36708.png,not_hateful
36710.png,hateful
36718.png,not_hateful
36724.png,hateful
36725.png,not_hateful
36729.png,hateful
36741.png,not_hateful
36748.png,hateful
36749.png,not_hateful
36751.png,hateful
36752.png,not_hateful
36780.png,hateful
36781.png,not_hateful
36789.png,hateful
36792.png,not_hateful
36804.png,hateful
36805.png,not_hateful
36810.png,hateful
36812.png,not_hateful
36814.png,hateful
36821.png,not_hateful
36840.png,hateful
36842.png,not_hateful
36845.png,hateful
36850.png,not_hateful
36852.png,hateful
36870.png,not_hateful
36872.png,hateful
36875.png,not_hateful
36892.png,hateful
36895.png,not_hateful
36897.png,hateful
36907.png,not_hateful
36908.png,hateful
36910.png,not_hateful
36915.png,hateful
36920.png,not_hateful
36924.png,hateful
36927.png,not_hateful
36928.png,hateful
36945.png,not_hateful
36947.png,hateful
36954.png,not_hateful
36957.png,hateful
36970.png,not_hateful
36972.png,hateful
36974.png,not_hateful
36980.png,hateful
36981.png,not_hateful
36982.png,hateful
36985.png,not_hateful
37018.png,hateful
37021.png,not_hateful
37024.png,hateful
37042.png,not_hateful
37049.png,hateful
37051.png,not_hateful
37052.png,hateful
37054.png,not_hateful
37056.png,hateful
37058.png,not_hateful
37059.png,hateful
37084.png,not_hateful
37091.png,hateful
37092.png,not_hateful
37095.png,hateful
37096.png,not_hateful
37105.png,hateful
37128.png,not_hateful
37129.png,hateful
37140.png,not_hateful
37145.png,hateful
37146.png,not_hateful
37160.png,hateful
37180.png,not_hateful
37182.png,hateful
37184.png,not_hateful
37185.png,hateful
37186.png,not_hateful
37190.png,hateful
37198.png,not_hateful
37201.png,hateful
37204.png,not_hateful
37208.png,hateful
37214.png,not_hateful
37250.png,hateful
37251.png,not_hateful
37254.png,hateful
37256.png,not_hateful
37259.png,hateful
37260.png,not_hateful
37261.png,hateful
37264.png,not_hateful
37265.png,hateful
37269.png,not_hateful
37284.png,hateful
37285.png,not_hateful
37289.png,hateful
37294.png,not_hateful
37295.png,hateful
37296.png,not_hateful
37298.png,hateful
37402.png,not_hateful
37405.png,hateful
37408.png,not_hateful
37416.png,hateful
37419.png,not_hateful
37420.png,hateful
37425.png,not_hateful
37426.png,hateful
37429.png,not_hateful
37450.png,hateful
37451.png,not_hateful
37458.png,hateful
37459.png,not_hateful
37465.png,hateful
37469.png,not_hateful
37482.png,hateful
37491.png,not_hateful
37496.png,hateful
37498.png,not_hateful
37502.png,hateful
37504.png,not_hateful
37508.png,hateful
37509.png,not_hateful
37542.png,hateful
37546.png,not_hateful
37548.png,hateful
37560.png,not_hateful
37569.png,hateful
37580.png,not_hateful
37592.png,hateful
37601.png,not_hateful
37609.png,hateful
37610.png,not_hateful
37615.png,hateful
37619.png,not_hateful
37620.png,hateful
37621.png,not_hateful
37628.png,hateful
37629.png,not_hateful
37640.png,hateful
37641.png,not_hateful
37642.png,hateful
37648.png,not_hateful
37649.png,hateful
37658.png,not_hateful
37680.png,hateful
37681.png,not_hateful
37690.png,hateful
37692.png,not_hateful
37802.png,hateful
37806.png,not_hateful
37809.png,hateful
37810.png,not_hateful
37814.png,hateful
37815.png,not_hateful
37819.png,hateful
37821.png,not_hateful
37824.png,hateful
37825.png,not_hateful
37829.png,hateful
37845.png,not_hateful
37854.png,hateful
37859.png,not_hateful
37860.png,hateful
37862.png,not_hateful
37864.png,hateful
37865.png,not_hateful
37890.png,hateful
37891.png,not_hateful
37895.png,hateful
37901.png,not_hateful
37902.png,hateful
37904.png,not_hateful
37912.png,hateful
37915.png,not_hateful
37916.png,hateful
37918.png,not_hateful
37921.png,hateful
37924.png,not_hateful
37928.png,hateful
37941.png,not_hateful
37942.png,hateful
37945.png,not_hateful
37948.png,hateful
37950.png,not_hateful
37951.png,hateful
37962.png,not_hateful
37965.png,hateful
37980.png,not_hateful
37984.png,hateful
38019.png,not_hateful
38029.png,hateful
38041.png,not_hateful
38045.png,hateful
38046.png,not_hateful
38047.png,hateful
38051.png,not_hateful
38054.png,hateful
38056.png,not_hateful
38057.png,hateful
38061.png,not_hateful
38069.png,hateful
38071.png,not_hateful
38072.png,hateful
38076.png,not_hateful
38094.png,hateful
38095.png,not_hateful
38097.png,hateful
38105.png,not_hateful
38109.png,hateful
38120.png,not_hateful
38125.png,hateful
38127.png,not_hateful
38129.png,hateful
38145.png,not_hateful
38147.png,hateful
38150.png,not_hateful
38154.png,hateful
38156.png,not_hateful
38157.png,hateful
38159.png,not_hateful
38162.png,hateful
38164.png,not_hateful
38165.png,hateful
38169.png,not_hateful
38170.png,hateful
38179.png,not_hateful
38190.png,hateful
38195.png,not_hateful
38196.png,hateful
38201.png,not_hateful
38209.png,hateful
38210.png,not_hateful
38215.png,hateful
38217.png,not_hateful
38245.png,hateful
38246.png,not_hateful
38251.png,hateful
38259.png,not_hateful
38261.png,hateful
38271.png,not_hateful
38274.png,hateful
38290.png,not_hateful
38297.png,hateful
38401.png,not_hateful
38402.png,hateful
38409.png,not_hateful
38410.png,hateful
38416.png,not_hateful
38417.png,hateful
38419.png,not_hateful
38427.png,hateful
38456.png,not_hateful
38460.png,hateful
38461.png,not_hateful
38465.png,hateful
38469.png,not_hateful
38475.png,hateful
38490.png,not_hateful
38491.png,hateful
38495.png,not_hateful
38496.png,hateful
38509.png,not_hateful
38514.png,hateful
38516.png,not_hateful
38524.png,hateful
38527.png,not_hateful
38529.png,hateful
38546.png,not_hateful
38547.png,hateful
38549.png,not_hateful
38569.png,hateful
38574.png,not_hateful
38576.png,hateful
38579.png,not_hateful
38590.png,hateful
38594.png,not_hateful
38601.png,hateful
38602.png,not_hateful
38609.png,hateful
38612.png,not_hateful
38621.png,hateful
38624.png,not_hateful
38625.png,hateful
38629.png,not_hateful
38641.png,hateful
38647.png,not_hateful
38652.png,hateful
38654.png,not_hateful
38674.png,hateful
38679.png,not_hateful
38697.png,hateful
38701.png,not_hateful
38702.png,hateful
38704.png,not_hateful
38706.png,hateful
38712.png,not_hateful
38714.png,hateful
38720.png,not_hateful
38724.png,hateful
38726.png,not_hateful
38741.png,hateful
38742.png,not_hateful
38752.png,hateful
38754.png,not_hateful
38756.png,hateful
38761.png,not_hateful
38762.png,hateful
38764.png,not_hateful
38765.png,hateful
38790.png,not_hateful
38794.png,hateful
38902.png,not_hateful
38907.png,hateful
38910.png,not_hateful
38912.png,hateful
38914.png,not_hateful
38917.png,hateful
38920.png,not_hateful
38927.png,hateful
38942.png,not_hateful
38946.png,hateful
38952.png,not_hateful
38954.png,hateful
38956.png,not_hateful
38961.png,hateful
38962.png,not_hateful
38965.png,hateful
38976.png,not_hateful
39012.png,hateful
39018.png,not_hateful
39028.png,hateful
39041.png,not_hateful
39051.png,hateful
39054.png,not_hateful
39056.png,hateful
39058.png,not_hateful
39061.png,hateful
39064.png,not_hateful
39067.png,hateful
39074.png,not_hateful
39076.png,hateful
39078.png,not_hateful
39085.png,hateful
39102.png,not_hateful
39106.png,hateful
39107.png,not_hateful
39120.png,hateful
39127.png,not_hateful
39145.png,hateful
39148.png,not_hateful
39156.png,hateful
39158.png,not_hateful
39164.png,hateful
39168.png,not_hateful
39170.png,hateful
39172.png,not_hateful
39175.png,hateful
39182.png,not_hateful
39185.png,hateful
39187.png,not_hateful
39201.png,hateful
39206.png,not_hateful
39214.png,hateful
39217.png,not_hateful
39241.png,hateful
39247.png,not_hateful
39250.png,hateful
39256.png,not_hateful
39261.png,hateful
39264.png,not_hateful
39265.png,hateful
39274.png,not_hateful
39280.png,hateful
39281.png,not_hateful
39284.png,hateful
39285.png,not_hateful
39287.png,hateful
39401.png,not_hateful
39405.png,hateful
39408.png,not_hateful
39416.png,hateful
39417.png,not_hateful
39420.png,hateful
39421.png,not_hateful
39425.png,hateful
39427.png,not_hateful
39428.png,hateful
39452.png,not_hateful
39456.png,hateful
39465.png,not_hateful
39470.png,hateful
39472.png,not_hateful
39475.png,hateful
39478.png,not_hateful
39482.png,hateful
39504.png,not_hateful
39524.png,hateful
39526.png,not_hateful
39527.png,hateful
39528.png,not_hateful
39540.png,hateful
39541.png,not_hateful
39542.png,hateful
39547.png,not_hateful
39560.png,hateful
39562.png,not_hateful
39564.png,hateful
39576.png,not_hateful
39578.png,hateful
39580.png,not_hateful
39601.png,hateful
39607.png,not_hateful
39610.png,hateful
39612.png,not_hateful
39624.png,hateful
39625.png,not_hateful
39640.png,hateful
39645.png,not_hateful
39652.png,hateful
39657.png,not_hateful
39658.png,hateful
39672.png,not_hateful
39675.png,hateful
39704.png,not_hateful
39706.png,hateful
39710.png,not_hateful
39725.png,hateful
39726.png,not_hateful
39741.png,hateful
39748.png,not_hateful
39751.png,hateful
39758.png,not_hateful
39762.png,hateful
39765.png,not_hateful
39784.png,hateful
39785.png,not_hateful
39805.png,hateful
39815.png,not_hateful
39816.png,hateful
39817.png,not_hateful
39820.png,hateful
39821.png,not_hateful
39826.png,hateful
39827.png,not_hateful
39842.png,hateful
39851.png,not_hateful
39852.png,hateful
39854.png,not_hateful
39857.png,hateful
39860.png,not_hateful
39861.png,hateful
39862.png,not_hateful
39867.png,hateful
39870.png,not_hateful
39871.png,hateful
40125.png,not_hateful
40127.png,hateful
40136.png,not_hateful
40137.png,hateful
40153.png,not_hateful
40158.png,hateful
40159.png,not_hateful
40165.png,hateful
40167.png,not_hateful
40182.png,hateful
40193.png,not_hateful
40198.png,hateful
40216.png,not_hateful
40217.png,hateful
40218.png,not_hateful
40231.png,hateful
40237.png,not_hateful
40239.png,hateful
40256.png,not_hateful
40257.png,hateful
40259.png,not_hateful
40265.png,hateful
40268.png,not_hateful
40269.png,hateful
40286.png,not_hateful
40291.png,hateful
40293.png,not_hateful
40297.png,hateful
40312.png,not_hateful
40315.png,hateful
40316.png,not_hateful
40319.png,hateful
40321.png,not_hateful
40326.png,hateful
40327.png,not_hateful
40329.png,hateful
40351.png,not_hateful
40361.png,hateful
40372.png,not_hateful
40375.png,hateful
40376.png,not_hateful
40378.png,hateful
40385.png,not_hateful
40395.png,hateful
40397.png,not_hateful
40512.png,hateful
40516.png,not_hateful
40518.png,hateful
40527.png,not_hateful
40529.png,hateful
40536.png,not_hateful
40539.png,hateful
40561.png,not_hateful
40563.png,hateful
40567.png,not_hateful
40569.png,hateful
40572.png,not_hateful
40573.png,hateful
40576.png,not_hateful
40578.png,hateful
40586.png,not_hateful
40587.png,hateful
40589.png,not_hateful
40592.png,hateful
40596.png,not_hateful
40597.png,hateful
40618.png,not_hateful
40621.png,hateful
40627.png,not_hateful
40629.png,hateful
40632.png,not_hateful
40651.png,hateful
40653.png,not_hateful
40675.png,hateful
40679.png,not_hateful
40681.png,hateful
40693.png,not_hateful
40712.png,hateful
40716.png,not_hateful
40718.png,hateful
40721.png,not_hateful
40723.png,hateful
40726.png,not_hateful
40728.png,hateful
40731.png,not_hateful
40735.png,hateful
40752.png,not_hateful
40756.png,hateful
40758.png,not_hateful
40759.png,hateful
40761.png,not_hateful
40791.png,hateful
40792.png,not_hateful
40796.png,hateful
40813.png,not_hateful
40815.png,hateful
40819.png,not_hateful
40821.png,hateful
40826.png,not_hateful
40829.png,hateful
40832.png,not_hateful
40837.png,hateful
40839.png,not_hateful
40852.png,hateful
40856.png,not_hateful
40857.png,hateful
40862.png,not_hateful
40865.png,hateful
40871.png,not_hateful
40875.png,hateful
40876.png,not_hateful
40896.png,hateful
40897.png,not_hateful
40913.png,hateful
40916.png,not_hateful
40917.png,hateful
40918.png,not_hateful
40927.png,hateful
40932.png,not_hateful
40953.png,hateful
40958.png,not_hateful
40965.png,hateful
40967.png,not_hateful
40982.png,hateful
40987.png,not_hateful
41023.png,hateful
41027.png,not_hateful
41032.png,hateful
41035.png,not_hateful
41037.png,hateful
41057.png,not_hateful
41058.png,hateful
41062.png,not_hateful
41063.png,hateful
41067.png,not_hateful
41068.png,hateful
41072.png,not_hateful
41078.png,hateful
41082.png,not_hateful
41086.png,hateful
41087.png,not_hateful
41092.png,hateful
41203.png,not_hateful
41206.png,hateful
41207.png,not_hateful
41208.png,hateful
41209.png,not_hateful
41237.png,hateful
41250.png,not_hateful
41257.png,hateful
41258.png,not_hateful
41263.png,hateful
41265.png,not_hateful
41268.png,hateful
41269.png,not_hateful
41270.png,hateful
41276.png,not_hateful
41280.png,hateful
41283.png,not_hateful
41290.png,hateful
41296.png,not_hateful
41298.png,hateful
41305.png,not_hateful
41308.png,hateful
41309.png,not_hateful
41320.png,hateful
41325.png,not_hateful
41328.png,hateful
41358.png,not_hateful
41362.png,hateful
41368.png,not_hateful
41370.png,hateful
41372.png,not_hateful
41376.png,hateful
41379.png,not_hateful
41382.png,hateful
41385.png,not_hateful
41387.png,hateful
41389.png,not_hateful
41502.png,hateful
41503.png,not_hateful
41506.png,hateful
41508.png,not_hateful
41523.png,hateful
41527.png,not_hateful
41537.png,hateful
41538.png,not_hateful
41539.png,hateful
41562.png,not_hateful
41568.png,hateful
41573.png,not_hateful
41578.png,hateful
41589.png,not_hateful
41597.png,hateful
41602.png,not_hateful
41603.png,hateful
41605.png,not_hateful
41607.png,hateful
41623.png,not_hateful
41627.png,hateful
41637.png,not_hateful
41638.png,hateful
41650.png,not_hateful
41652.png,hateful
41657.png,not_hateful
41658.png,hateful
41672.png,not_hateful
41678.png,hateful
41679.png,not_hateful
41680.png,hateful
41689.png,not_hateful
41690.png,hateful
41692.png,not_hateful
41697.png,hateful
41706.png,not_hateful
41720.png,hateful
41728.png,not_hateful
41738.png,hateful
41739.png,not_hateful
41756.png,hateful
41768.png,not_hateful
41769.png,hateful
41782.png,not_hateful
41795.png,hateful
41796.png,not_hateful
41802.png,hateful
41803.png,not_hateful
41806.png,hateful
41823.png,not_hateful
41830.png,hateful
41832.png,not_hateful
41835.png,hateful
41852.png,not_hateful
41853.png,hateful
41856.png,not_hateful
41857.png,hateful
41860.png,not_hateful
41863.png,hateful
41869.png,not_hateful
41873.png,hateful
41875.png,not_hateful
41890.png,hateful
41896.png,not_hateful
41903.png,hateful
41907.png,not_hateful
41908.png,hateful
41923.png,not_hateful
41925.png,hateful
41928.png,not_hateful
41930.png,hateful
41936.png,not_hateful
41958.png,hateful
41962.png,not_hateful
41967.png,hateful
41972.png,not_hateful
41983.png,hateful
41986.png,not_hateful
42015.png,hateful
42019.png,not_hateful
42036.png,hateful
42038.png,not_hateful
42039.png,hateful
42056.png,not_hateful
42058.png,hateful
42059.png,not_hateful
42063.png,hateful
42065.png,not_hateful
42068.png,hateful
42073.png,not_hateful
42078.png,hateful
42083.png,not_hateful
42086.png,hateful
42087.png,not_hateful
42091.png,hateful
42093.png,not_hateful
42103.png,hateful
42105.png,not_hateful
42137.png,hateful
42153.png,not_hateful
42156.png,hateful
42160.png,not_hateful
42163.png,hateful
42167.png,not_hateful
42168.png,hateful
42169.png,not_hateful
42170.png,hateful
42173.png,not_hateful
42175.png,hateful
42178.png,not_hateful
42179.png,hateful
42183.png,not_hateful
42185.png,hateful
42187.png,not_hateful
42189.png,hateful
42305.png,not_hateful
42307.png,hateful
42308.png,not_hateful
42309.png,hateful
42315.png,not_hateful
42317.png,hateful
42319.png,not_hateful
42351.png,hateful
42361.png,not_hateful
42368.png,hateful
42376.png,not_hateful
42379.png,hateful
42380.png,not_hateful
42381.png,hateful
42387.png,not_hateful
42389.png,hateful
42391.png,not_hateful
42398.png,hateful
42501.png,not_hateful
42503.png,hateful
42507.png,not_hateful
42509.png,hateful
42510.png,not_hateful
42530.png,hateful
42538.png,not_hateful
42567.png,hateful
42568.png,not_hateful
42571.png,hateful
42579.png,not_hateful
42580.png,hateful
42589.png,not_hateful
42591.png,hateful
42597.png,not_hateful
42598.png,hateful
42601.png,not_hateful
42603.png,hateful
42605.png,not_hateful
42608.png,hateful
42609.png,not_hateful
42613.png,hateful
42615.png,not_hateful
42618.png,hateful
42631.png,not_hateful
42635.png,hateful
42638.png,not_hateful
42650.png,hateful
42653.png,not_hateful
42658.png,hateful
42659.png,not_hateful
42673.png,hateful
42675.png,not_hateful
42681.png,hateful
42685.png,not_hateful
42687.png,hateful
42689.png,not_hateful
42690.png,hateful
42691.png,not_hateful
42693.png,hateful
42698.png,not_hateful
42705.png,hateful
42706.png,not_hateful
42715.png,hateful
42736.png,not_hateful
42739.png,hateful
42751.png,not_hateful
42759.png,hateful
42763.png,not_hateful
42783.png,hateful
42786.png,not_hateful
42801.png,hateful
42803.png,not_hateful
42806.png,hateful
42810.png,not_hateful
42813.png,hateful
42816.png,not_hateful
42830.png,hateful
42836.png,not_hateful
42850.png,hateful
42851.png,not_hateful
42853.png,hateful
42856.png,not_hateful
42860.png,hateful
42861.png,not_hateful
42865.png,hateful
42867.png,not_hateful
42869.png,hateful
42871.png,not_hateful
42875.png,hateful
42876.png,not_hateful
42895.png,hateful
42896.png,not_hateful
42897.png,hateful
42903.png,not_hateful
42931.png,hateful
42936.png,not_hateful
42951.png,hateful
42953.png,not_hateful
42958.png,hateful
42960.png,not_hateful
42961.png,hateful
42967.png,not_hateful
42970.png,hateful
42975.png,not_hateful
42983.png,hateful
42986.png,not_hateful
42987.png,hateful
43015.png,not_hateful
43017.png,hateful
43021.png,not_hateful
43025.png,hateful
43026.png,not_hateful
43051.png,hateful
43052.png,not_hateful
43058.png,hateful
43065.png,not_hateful
43069.png,hateful
43078.png,not_hateful
43082.png,hateful
43085.png,not_hateful
43087.png,hateful
43089.png,not_hateful
43092.png,hateful
43095.png,not_hateful
43096.png,hateful
43098.png,not_hateful
43109.png,hateful
43125.png,not_hateful
43127.png,hateful
43128.png,not_hateful
43152.png,hateful
43157.png,not_hateful
43162.png,hateful
43170.png,not_hateful
43175.png,hateful
43178.png,not_hateful
43180.png,hateful
43185.png,not_hateful
43186.png,hateful
43190.png,not_hateful
43192.png,hateful
43197.png,not_hateful
43198.png,hateful
43201.png,not_hateful
43206.png,hateful
43207.png,not_hateful
43216.png,hateful
43217.png,not_hateful
43218.png,hateful
43256.png,not_hateful
43258.png,hateful
43259.png,not_hateful
43265.png,hateful
43269.png,not_hateful
43271.png,hateful
43275.png,not_hateful
43276.png,hateful
43278.png,not_hateful
43279.png,hateful
43295.png,not_hateful
43506.png,hateful
43517.png,not_hateful
43519.png,hateful
43520.png,not_hateful
43521.png,hateful
43527.png,not_hateful
43529.png,hateful
43560.png,not_hateful
43569.png,hateful
43570.png,not_hateful
43571.png,hateful
43579.png,not_hateful
43581.png,hateful
43586.png,not_hateful
43591.png,hateful
43596.png,not_hateful
43608.png,hateful
43609.png,not_hateful
43610.png,hateful
43612.png,not_hateful
43615.png,hateful
43617.png,not_hateful
43627.png,hateful
43650.png,not_hateful
43651.png,hateful
43652.png,not_hateful
43657.png,hateful
43658.png,not_hateful
43675.png,hateful
43679.png,not_hateful
43680.png,hateful
43690.png,not_hateful
43691.png,hateful
43695.png,not_hateful
43697.png,hateful
43698.png,not_hateful
43701.png,hateful
43702.png,not_hateful
43716.png,hateful
43721.png,not_hateful
43725.png,hateful
43728.png,not_hateful
43758.png,hateful
43759.png,not_hateful
43780.png,hateful
43782.png,not_hateful
43791.png,hateful
43792.png,not_hateful
43795.png,hateful
43798.png,not_hateful
43805.png,hateful
43810.png,not_hateful
43812.png,hateful
43815.png,not_hateful
43816.png,hateful
43817.png,not_hateful
43819.png,hateful
43820.png,not_hateful
43826.png,hateful
43852.png,not_hateful
43856.png,hateful
43857.png,not_hateful
43859.png,hateful
43861.png,not_hateful
43892.png,hateful
43895.png,not_hateful
43897.png,hateful
43905.png,not_hateful
43906.png,hateful
43907.png,not_hateful
43910.png,hateful
43920.png,not_hateful
43925.png,hateful
43928.png,not_hateful
43950.png,hateful
43952.png,not_hateful
43956.png,hateful
43958.png,not_hateful
43961.png,hateful
43971.png,not_hateful
43976.png,hateful
45016.png,not_hateful
45017.png,hateful
45018.png,not_hateful
45023.png,hateful
45029.png,not_hateful
45031.png,hateful
45036.png,not_hateful
45037.png,hateful
45062.png,not_hateful
45069.png,hateful
45072.png,not_hateful
45082.png,hateful
45093.png,not_hateful
45103.png,hateful
45108.png,not_hateful
45109.png,hateful
45120.png,not_hateful
45126.png,hateful
45128.png,not_hateful
45132.png,hateful
45136.png,not_hateful
45139.png,hateful
45163.png,not_hateful
45167.png,hateful
45172.png,not_hateful
45176.png,hateful
45179.png,not_hateful
45180.png,hateful
45182.png,not_hateful
45189.png,hateful
45196.png,not_hateful
45197.png,hateful
45198.png,not_hateful
45201.png,hateful
45203.png,not_hateful
45206.png,hateful
45207.png,not_hateful
45208.png,hateful
45209.png,not_hateful
45213.png,hateful
45216.png,not_hateful
45217.png,hateful
45219.png,not_hateful
45231.png,hateful
45263.png,not_hateful
45267.png,hateful
45269.png,not_hateful
45270.png,hateful
45281.png,not_hateful
45283.png,hateful
45286.png,not_hateful
45289.png,hateful
45291.png,not_hateful
45293.png,hateful
45297.png,not_hateful
45301.png,hateful
45307.png,not_hateful
45316.png,hateful
45317.png,not_hateful
45318.png,hateful
45320.png,not_hateful
45326.png,hateful
45367.png,not_hateful
45368.png,hateful
45370.png,not_hateful
45371.png,hateful
45379.png,not_hateful
45382.png,hateful
45389.png,not_hateful
45396.png,hateful
45601.png,not_hateful
45603.png,hateful
45608.png,not_hateful
45609.png,hateful
45610.png,not_hateful
45612.png,hateful
45621.png,not_hateful
45630.png,hateful
45671.png,not_hateful
45672.png,hateful
45682.png,not_hateful
45687.png,hateful
45691.png,not_hateful
45698.png,hateful
45701.png,not_hateful
45702.png,hateful
45706.png,not_hateful
45708.png,hateful
45723.png,not_hateful
45730.png,hateful
45732.png,not_hateful
45739.png,hateful
45780.png,not_hateful
45791.png,hateful
45792.png,not_hateful
45798.png,hateful
45802.png,not_hateful
45806.png,hateful
45810.png,not_hateful
45817.png,hateful
45819.png,not_hateful
45820.png,hateful
45827.png,not_hateful
45829.png,hateful
45831.png,not_hateful
45832.png,hateful
45836.png,not_hateful
45837.png,hateful
45862.png,not_hateful
45869.png,hateful
45871.png,not_hateful
45891.png,hateful
45893.png,not_hateful
45912.png,hateful
45913.png,not_hateful
45923.png,hateful
45927.png,not_hateful
45930.png,hateful
45931.png,not_hateful
45938.png,hateful
45960.png,not_hateful
45968.png,hateful
45976.png,not_hateful
45978.png,hateful
45987.png,not_hateful
46013.png,hateful
46015.png,not_hateful
46017.png,hateful
46021.png,not_hateful
46027.png,hateful
46035.png,not_hateful
46051.png,hateful
46053.png,not_hateful
46058.png,hateful
46075.png,not_hateful
46078.png,hateful
46081.png,not_hateful
46082.png,hateful
46085.png,not_hateful
46087.png,hateful
46093.png,not_hateful
46095.png,hateful
46097.png,not_hateful
46109.png,hateful
46123.png,not_hateful
46127.png,hateful
46130.png,not_hateful
46137.png,hateful
46138.png,not_hateful
46150.png,hateful
46152.png,not_hateful
46153.png,hateful
46172.png,not_hateful
46173.png,hateful
46175.png,not_hateful
46178.png,hateful
46179.png,not_hateful
46182.png,hateful
46183.png,not_hateful
46193.png,hateful
46197.png,not_hateful
46198.png,hateful
46201.png,not_hateful
46205.png,hateful
46208.png,not_hateful
46213.png,hateful
46215.png,not_hateful
46217.png,hateful
46218.png,not_hateful
46231.png,hateful
46237.png,not_hateful
46238.png,hateful
46239.png,not_hateful
46251.png,hateful
46270.png,not_hateful
46271.png,hateful
46279.png,not_hateful
46283.png,hateful
46291.png,not_hateful
46293.png,hateful
46295.png,not_hateful
46301.png,hateful
46302.png,not_hateful
46310.png,hateful
46312.png,not_hateful
46315.png,hateful
46318.png,not_hateful
46352.png,hateful
46357.png,not_hateful
46358.png,hateful
46359.png,not_hateful
46375.png,hateful
46380.png,not_hateful
46387.png,hateful
46390.png,not_hateful
46501.png,hateful
46503.png,not_hateful
46507.png,hateful
46508.png,not_hateful
46509.png,hateful
46510.png,not_hateful
46518.png,hateful
46520.png,not_hateful
46527.png,hateful
46528.png,not_hateful
46529.png,hateful
46532.png,not_hateful
46537.png,hateful
46538.png,not_hateful
46573.png,hateful
46578.png,not_hateful
46580.png,hateful
46582.png,not_hateful
46701.png,hateful
46710.png,not_hateful
46712.png,hateful
46715.png,not_hateful
46720.png,hateful
46721.png,not_hateful
46730.png,hateful
46732.png,not_hateful
46735.png,hateful
46738.png,not_hateful
46739.png,hateful
46753.png,not_hateful
46759.png,hateful
46783.png,not_hateful
46785.png,hateful
46790.png,not_hateful
46792.png,hateful
46793.png,not_hateful
46802.png,hateful
46807.png,not_hateful
46810.png,hateful
46812.png,not_hateful
46813.png,hateful
46815.png,not_hateful
46817.png,hateful
46823.png,not_hateful
46827.png,hateful
46829.png,not_hateful
46830.png,hateful
46831.png,not_hateful
46832.png,hateful
46837.png,not_hateful
46850.png,hateful
46852.png,not_hateful
46853.png,hateful
46857.png,not_hateful
46870.png,hateful
46872.png,not_hateful
46879.png,hateful
46890.png,not_hateful
46892.png,hateful
46895.png,not_hateful
46897.png,hateful
46902.png,not_hateful
46907.png,hateful
46910.png,not_hateful
46918.png,hateful
46920.png,not_hateful
46921.png,hateful
46925.png,not_hateful
46928.png,hateful
46938.png,not_hateful
46952.png,hateful
46953.png,not_hateful
46970.png,hateful
46971.png,not_hateful
46973.png,hateful
46978.png,not_hateful
46980.png,hateful
46983.png,not_hateful
47012.png,hateful
47015.png,not_hateful
47016.png,hateful
47025.png,not_hateful
47026.png,hateful
47029.png,not_hateful
47031.png,hateful
47032.png,not_hateful
47051.png,hateful
47053.png,not_hateful
47056.png,hateful
47063.png,not_hateful
47095.png,hateful
47096.png,not_hateful
47098.png,hateful
47103.png,not_hateful
47123.png,hateful
47125.png,not_hateful
47128.png,hateful
47136.png,not_hateful
47159.png,hateful
47162.png,not_hateful
47180.png,hateful
47183.png,not_hateful
47189.png,hateful
47192.png,not_hateful
47196.png,hateful
47203.png,not_hateful
47205.png,hateful
47208.png,not_hateful
47209.png,hateful
47210.png,not_hateful
47215.png,hateful
47239.png,not_hateful
47250.png,hateful
47251.png,not_hateful
47259.png,hateful
47263.png,not_hateful
47265.png,hateful
47280.png,not_hateful
47286.png,hateful
47289.png,not_hateful
47290.png,hateful
47305.png,not_hateful
47308.png,hateful
47309.png,not_hateful
47320.png,hateful
47326.png,not_hateful
47350.png,hateful
47358.png,not_hateful
47359.png,hateful
47368.png,not_hateful
47369.png,hateful
47385.png,not_hateful
47386.png,hateful
47390.png,not_hateful
47391.png,hateful
47506.png,not_hateful
47510.png,hateful
47516.png,not_hateful
47518.png,hateful
47521.png,not_hateful
47528.png,hateful
47529.png,not_hateful
47530.png,hateful
47531.png,not_hateful
47532.png,hateful
47539.png,not_hateful
47561.png,hateful
47562.png,not_hateful
47568.png,hateful
47569.png,not_hateful
47581.png,hateful
47582.png,not_hateful
47589.png,hateful
47590.png,not_hateful
47591.png,hateful
47592.png,not_hateful
47593.png,hateful
47596.png,not_hateful
47598.png,hateful
47601.png,not_hateful
47605.png,hateful
47608.png,not_hateful
47609.png,hateful
47612.png,not_hateful
47615.png,hateful
47618.png,not_hateful
47620.png,hateful
47625.png,not_hateful
47628.png,hateful
47629.png,not_hateful
47652.png,hateful
47680.png,not_hateful
47692.png,hateful
47693.png,not_hateful
47698.png,hateful
47801.png,not_hateful
47809.png,hateful
47819.png,not_hateful
47825.png,hateful
47826.png,not_hateful
47829.png,hateful
47830.png,not_hateful
47831.png,hateful
47836.png,not_hateful
47839.png,hateful
47856.png,not_hateful
47859.png,hateful
47862.png,not_hateful
47863.png,hateful
47865.png,not_hateful
47896.png,hateful
47901.png,not_hateful
47903.png,hateful
47905.png,not_hateful
47912.png,hateful
47913.png,not_hateful
47918.png,hateful
47920.png,not_hateful
47926.png,hateful
47931.png,not_hateful
47935.png,hateful
47938.png,not_hateful
47950.png,hateful
47960.png,not_hateful
47981.png,hateful
47982.png,not_hateful
47985.png,hateful
48012.png,not_hateful
48015.png,hateful
48016.png,not_hateful
48021.png,hateful
48023.png,not_hateful
48031.png,hateful
48039.png,not_hateful
48051.png,hateful
48052.png,not_hateful
48059.png,hateful
48062.png,not_hateful
48063.png,hateful
48069.png,not_hateful
48079.png,hateful
48091.png,not_hateful
48096.png,hateful
48103.png,not_hateful
48105.png,hateful
48106.png,not_hateful
48120.png,hateful
48123.png,not_hateful
48125.png,hateful
48132.png,not_hateful
48136.png,hateful
48153.png,not_hateful
48160.png,hateful
48162.png,not_hateful
48170.png,hateful
48173.png,not_hateful
48175.png,hateful
48192.png,not_hateful
48195.png,hateful
48196.png,not_hateful
48203.png,hateful
48205.png,not_hateful
48213.png,hateful
48216.png,not_hateful
48235.png,hateful
48236.png,not_hateful
48250.png,hateful
48251.png,not_hateful
48257.png,hateful
48260.png,not_hateful
48263.png,hateful
48269.png,not_hateful
48270.png,hateful
48271.png,not_hateful
48276.png,hateful
48279.png,not_hateful
48291.png,hateful
48295.png,not_hateful
48296.png,hateful
48302.png,not_hateful
48306.png,hateful
48307.png,not_hateful
48309.png,hateful
48310.png,not_hateful
48315.png,hateful
48316.png,not_hateful
48317.png,hateful
48320.png,not_hateful
48326.png,hateful
48327.png,not_hateful
48329.png,hateful
48352.png,not_hateful
48356.png,hateful
48357.png,not_hateful
48361.png,hateful
48370.png,not_hateful
48376.png,hateful
48379.png,not_hateful
48391.png,hateful
48396.png,not_hateful
48507.png,hateful
48509.png,not_hateful
48512.png,hateful
48513.png,not_hateful
48516.png,hateful
48517.png,not_hateful
48520.png,hateful
48523.png,not_hateful
48529.png,hateful
48536.png,not_hateful
48539.png,hateful
48567.png,not_hateful
48570.png,hateful
48573.png,not_hateful
48579.png,hateful
48605.png,not_hateful
48612.png,hateful
48617.png,not_hateful
48623.png,hateful
48625.png,not_hateful
48629.png,hateful
48630.png,not_hateful
48632.png,hateful
48635.png,not_hateful
48639.png,hateful
48651.png,not_hateful
48652.png,hateful
48670.png,not_hateful
48673.png,hateful
48679.png,not_hateful
48697.png,hateful
48703.png,not_hateful
48705.png,hateful
48706.png,not_hateful
48710.png,hateful
48715.png,not_hateful
48725.png,hateful
48731.png,not_hateful
48735.png,hateful
48739.png,not_hateful
48751.png,hateful
48756.png,not_hateful
48760.png,hateful
48762.png,not_hateful
48769.png,hateful
48790.png,not_hateful
48792.png,hateful
48905.png,not_hateful
48916.png,hateful
48917.png,not_hateful
48920.png,hateful
48921.png,not_hateful
48923.png,hateful
48925.png,not_hateful
48926.png,hateful
48927.png,not_hateful
48930.png,hateful
48932.png,not_hateful
48936.png,hateful
48956.png,not_hateful
48957.png,hateful
48965.png,not_hateful
48970.png,hateful
48971.png,not_hateful
48973.png,hateful
48976.png,not_hateful
49012.png,hateful
49017.png,not_hateful
49021.png,hateful
49023.png,not_hateful
49028.png,hateful
49031.png,not_hateful
49032.png,hateful
49038.png,not_hateful
49052.png,hateful
49061.png,not_hateful
49063.png,hateful
49067.png,not_hateful
49075.png,hateful
49076.png,not_hateful
49081.png,hateful
49083.png,not_hateful
49087.png,hateful
49105.png,not_hateful
49106.png,hateful
49120.png,not_hateful
49126.png,hateful
49127.png,not_hateful
49128.png,hateful
49136.png,not_hateful
49150.png,hateful
49152.png,not_hateful
49153.png,hateful
49156.png,not_hateful
49157.png,hateful
49165.png,not_hateful
49168.png,hateful
49170.png,not_hateful
49173.png,hateful
49176.png,not_hateful
49178.png,hateful
49180.png,not_hateful
49185.png,hateful
49201.png,not_hateful
49205.png,hateful
49208.png,not_hateful
49213.png,hateful
49215.png,not_hateful
49237.png,hateful
49238.png,not_hateful
49260.png,hateful
49261.png,not_hateful
49267.png,hateful
49270.png,not_hateful
49271.png,hateful
49278.png,not_hateful
49280.png,hateful
49285.png,not_hateful
49306.png,hateful
49307.png,not_hateful
49315.png,hateful
49316.png,not_hateful
49318.png,hateful
49327.png,not_hateful
49328.png,hateful
49351.png,not_hateful
49360.png,hateful
49372.png,not_hateful
49385.png,hateful
49387.png,not_hateful
49510.png,hateful
49521.png,not_hateful
49527.png,hateful
49531.png,not_hateful
49536.png,hateful
49537.png,not_hateful
49567.png,hateful
49580.png,not_hateful
49581.png,hateful
49582.png,not_hateful
49583.png,hateful
49601.png,not_hateful
49602.png,hateful
49603.png,not_hateful
49605.png,hateful
49607.png,not_hateful
49608.png,hateful
49613.png,not_hateful
49615.png,hateful
49618.png,not_hateful
49621.png,hateful
49630.png,not_hateful
49635.png,hateful
49638.png,not_hateful
49650.png,hateful
49652.png,not_hateful
49658.png,hateful
49670.png,not_hateful
49671.png,hateful
49673.png,not_hateful
49675.png,hateful
49680.png,not_hateful
49682.png,hateful
49685.png,not_hateful
49687.png,hateful
49701.png,not_hateful
49703.png,hateful
49705.png,not_hateful
49713.png,hateful
49716.png,not_hateful
49723.png,hateful
49725.png,not_hateful
49726.png,hateful
49728.png,not_hateful
49731.png,hateful
49750.png,not_hateful
49752.png,hateful
49758.png,not_hateful
49762.png,hateful
49782.png,not_hateful
49785.png,hateful
49786.png,not_hateful
49801.png,hateful
49802.png,not_hateful
49805.png,hateful
49806.png,not_hateful
49807.png,hateful
49810.png,not_hateful
49813.png,hateful
49826.png,not_hateful
49830.png,hateful
49831.png,not_hateful
49832.png,hateful
49836.png,not_hateful
49850.png,hateful
49856.png,not_hateful
49861.png,hateful
49863.png,not_hateful
49865.png,hateful
49867.png,not_hateful
49870.png,hateful
49873.png,not_hateful
50124.png,hateful
50126.png,not_hateful
50129.png,hateful
50137.png,not_hateful
50142.png,hateful
50146.png,not_hateful
50148.png,hateful
50149.png,not_hateful
50162.png,hateful
50163.png,not_hateful
50167.png,hateful
50176.png,not_hateful
50184.png,hateful
50186.png,not_hateful
50187.png,hateful
50193.png,not_hateful
50198.png,hateful
50236.png,not_hateful
50237.png,hateful
50239.png,not_hateful
50241.png,hateful
50246.png,not_hateful
50248.png,hateful
50261.png,not_hateful
50263.png,hateful
50271.png,not_hateful
50273.png,hateful
50278.png,not_hateful
50284.png,hateful
50286.png,not_hateful
50289.png,hateful
50293.png,not_hateful
50312.png,hateful
50317.png,not_hateful
50327.png,hateful
50328.png,not_hateful
50341.png,hateful
50346.png,not_hateful
50348.png,hateful
50361.png,not_hateful
50368.png,hateful
50371.png,not_hateful
50372.png,hateful
50374.png,not_hateful
50379.png,hateful
50386.png,not_hateful
50389.png,hateful
50397.png,not_hateful
50398.png,hateful
50413.png,not_hateful
50416.png,hateful
50427.png,not_hateful
50428.png,hateful
50438.png,not_hateful
50461.png,hateful
50462.png,not_hateful
50467.png,hateful
50471.png,not_hateful
50472.png,hateful
50473.png,not_hateful
50482.png,hateful
50483.png,not_hateful
50486.png,hateful
50487.png,not_hateful
50489.png,hateful
50491.png,not_hateful
50492.png,hateful
50498.png,not_hateful
50614.png,hateful
50617.png,not_hateful
50619.png,hateful
50624.png,not_hateful
50627.png,hateful
50638.png,not_hateful
50643.png,hateful
50649.png,not_hateful
50674.png,hateful
50678.png,not_hateful
50679.png,hateful
50682.png,not_hateful
50683.png,hateful
50684.png,not_hateful
50689.png,hateful
50691.png,not_hateful
50714.png,hateful
50723.png,not_hateful
50731.png,hateful
50732.png,not_hateful
50734.png,hateful
50738.png,not_hateful
50739.png,hateful
50741.png,not_hateful
50743.png,hateful
50746.png,not_hateful
50748.png,hateful
50762.png,not_hateful
50764.png,hateful
50768.png,not_hateful
50783.png,hateful
50784.png,not_hateful
50789.png,hateful
50793.png,not_hateful
50794.png,hateful
50813.png,not_hateful
50816.png,hateful
50817.png,not_hateful
50823.png,hateful
50824.png,not_hateful
50834.png,hateful
50839.png,not_hateful
50841.png,hateful
50861.png,not_hateful
50863.png,hateful
50867.png,not_hateful
50869.png,hateful
50871.png,not_hateful
50873.png,hateful
50876.png,not_hateful
50879.png,hateful
50894.png,not_hateful
50912.png,hateful
50918.png,not_hateful
50921.png,hateful
50927.png,not_hateful
50931.png,hateful
50934.png,not_hateful
50937.png,hateful
50938.png,not_hateful
50942.png,hateful
50961.png,not_hateful
50962.png,hateful
50964.png,not_hateful
50968.png,hateful
50981.png,not_hateful
50984.png,hateful
51023.png,not_hateful
51024.png,hateful
51029.png,not_hateful
51032.png,hateful
51037.png,not_hateful
51046.png,hateful
51049.png,not_hateful
51073.png,hateful
51076.png,not_hateful
51086.png,hateful
51089.png,not_hateful
51092.png,hateful
51094.png,not_hateful
51208.png,hateful
51209.png,not_hateful
51237.png,hateful
51243.png,not_hateful
51248.png,hateful
51249.png,not_hateful
51263.png,hateful
51269.png,not_hateful
51270.png,hateful
51278.png,not_hateful
51283.png,hateful
51284.png,not_hateful
51293.png,hateful
51304.png,not_hateful
51306.png,hateful
51308.png,not_hateful
51309.png,hateful
51346.png,not_hateful
51348.png,hateful
51349.png,not_hateful
51360.png,hateful
51367.png,not_hateful
51368.png,hateful
51369.png,not_hateful
51376.png,hateful
51379.png,not_hateful
51387.png,hateful
51389.png,not_hateful
51390.png,hateful
51396.png,not_hateful
51397.png,hateful
51403.png,not_hateful
51407.png,hateful
51409.png,not_hateful
51437.png,hateful
51460.png,not_hateful
51462.png,hateful
51467.png,not_hateful
51469.png,hateful
51472.png,not_hateful
51473.png,hateful
51476.png,not_hateful
51479.png,hateful
51480.png,not_hateful
51482.png,hateful
51489.png,not_hateful
51493.png,hateful
51496.png,not_hateful
51497.png,hateful
51498.png,not_hateful
51602.png,hateful
51607.png,not_hateful
51608.png,hateful
51624.png,not_hateful
51627.png,hateful
51628.png,not_hateful
51629.png,hateful
51630.png,not_hateful
51647.png,hateful
51670.png,not_hateful
51672.png,hateful
51679.png,not_hateful
51680.png,hateful
51682.png,not_hateful
51683.png,hateful
51687.png,not_hateful
51693.png,hateful
51694.png,not_hateful
51697.png,hateful
51706.png,not_hateful
51708.png,hateful
51726.png,not_hateful
51730.png,hateful
51734.png,not_hateful
51736.png,hateful
51738.png,not_hateful
51746.png,hateful
51763.png,not_hateful
51768.png,hateful
51783.png,not_hateful
51789.png,hateful
51802.png,not_hateful
51804.png,hateful
51806.png,not_hateful
51807.png,hateful
51809.png,not_hateful
51836.png,hateful
51839.png,not_hateful
51846.png,hateful
51849.png,not_hateful
51862.png,hateful
51863.png,not_hateful
51864.png,hateful
51869.png,not_hateful
51870.png,hateful
51890.png,not_hateful
51892.png,hateful
51894.png,not_hateful
51903.png,hateful
51920.png,not_hateful
51924.png,hateful
51926.png,not_hateful
51927.png,hateful
51928.png,not_hateful
51930.png,hateful
51934.png,not_hateful
51940.png,hateful
51943.png,not_hateful
51948.png,hateful
51962.png,not_hateful
51964.png,hateful
51968.png,not_hateful
51972.png,hateful
51973.png,not_hateful
51978.png,hateful
52018.png,not_hateful
52019.png,hateful
52031.png,not_hateful
52034.png,hateful
52036.png,not_hateful
52037.png,hateful
52049.png,not_hateful
52068.png,hateful
52069.png,not_hateful
52071.png,hateful
52074.png,not_hateful
52078.png,hateful
52079.png,not_hateful
52084.png,hateful
52089.png,not_hateful
52091.png,hateful
52096.png,not_hateful
52097.png,hateful
52103.png,not_hateful
52104.png,hateful
52106.png,not_hateful
52108.png,hateful
52130.png,not_hateful
52139.png,hateful
52140.png,not_hateful
52163.png,hateful
52164.png,not_hateful
52168.png,hateful
52179.png,not_hateful
52183.png,hateful
52187.png,not_hateful
52190.png,hateful
52193.png,not_hateful
52198.png,hateful
52301.png,not_hateful
52304.png,hateful
52316.png,not_hateful
52318.png,hateful
52319.png,not_hateful
52340.png,hateful
52341.png,not_hateful
52349.png,hateful
52361.png,not_hateful
52369.png,hateful
52376.png,not_hateful
52379.png,hateful
52386.png,not_hateful
52394.png,hateful
52397.png,not_hateful
52401.png,hateful
52406.png,not_hateful
52407.png,hateful
52410.png,not_hateful
52416.png,hateful
52431.png,not_hateful
52437.png,hateful
52439.png,not_hateful
52469.png,hateful
52473.png,not_hateful
52476.png,hateful
52479.png,not_hateful
52483.png,hateful
52486.png,not_hateful
52487.png,hateful
52489.png,not_hateful
52490.png,hateful
52496.png,not_hateful
52603.png,hateful
52607.png,not_hateful
52609.png,hateful
52610.png,not_hateful
52613.png,hateful
52614.png,not_hateful
52617.png,hateful
52619.png,not_hateful
52631.png,hateful
52634.png,not_hateful
52640.png,hateful
52641.png,not_hateful
52649.png,hateful
52670.png,not_hateful
52678.png,hateful
52680.png,not_hateful
52681.png,hateful
52687.png,not_hateful
52691.png,hateful
52698.png,not_hateful
52706.png,hateful
52708.png,not_hateful
52710.png,hateful
52714.png,not_hateful
52716.png,hateful
52719.png,not_hateful
52738.png,hateful
52739.png,not_hateful
52743.png,hateful
52746.png,not_hateful
52748.png,hateful
52761.png,not_hateful
52768.png,hateful
52780.png,not_hateful
52783.png,hateful
52786.png,not_hateful
52790.png,hateful
52796.png,not_hateful
52798.png,hateful
52801.png,not_hateful
52803.png,hateful
52804.png,not_hateful
52806.png,hateful
52809.png,not_hateful
52816.png,hateful
52819.png,not_hateful
52837.png,hateful
52839.png,not_hateful
52847.png,hateful
52860.png,not_hateful
52863.png,hateful
52864.png,not_hateful
52867.png,hateful
52870.png,not_hateful
52871.png,hateful
52874.png,not_hateful
52879.png,hateful
52890.png,not_hateful
52894.png,hateful
52896.png,not_hateful
52903.png,hateful
52904.png,not_hateful
52910.png,hateful
52914.png,not_hateful
52916.png,hateful
52918.png,not_hateful
52931.png,hateful
52936.png,not_hateful
52938.png,hateful
52940.png,not_hateful
52947.png,hateful
52948.png,not_hateful
52960.png,hateful
52964.png,not_hateful
52970.png,hateful
52971.png,not_hateful
52974.png,hateful
52978.png,not_hateful
52983.png,hateful
52986.png,not_hateful
53012.png,hateful
53017.png,not_hateful
53021.png,hateful
53027.png,not_hateful
53046.png,hateful
53048.png,not_hateful
53062.png,hateful
53064.png,not_hateful
53067.png,hateful
53068.png,not_hateful
53082.png,hateful
53084.png,not_hateful
53089.png,hateful
53094.png,not_hateful
53096.png,hateful
53102.png,not_hateful
53108.png,hateful
53124.png,not_hateful
53140.png,hateful
53147.png,not_hateful
53148.png,hateful
53160.png,not_hateful
53167.png,hateful
53172.png,not_hateful
53176.png,hateful
53180.png,not_hateful
53182.png,hateful
53184.png,not_hateful
53187.png,hateful
53194.png,not_hateful
53196.png,hateful
53204.png,not_hateful
53206.png,hateful
53210.png,not_hateful
53214.png,hateful
53219.png,not_hateful
53241.png,hateful
53249.png,not_hateful
53260.png,hateful
53261.png,not_hateful
53268.png,hateful
53270.png,not_hateful
53274.png,hateful
53278.png,not_hateful
53280.png,hateful
53289.png,not_hateful
53291.png,hateful
53296.png,not_hateful
53407.png,hateful
53418.png,not_hateful
53419.png,hateful
53420.png,not_hateful
53426.png,hateful
53427.png,not_hateful
53462.png,hateful
53467.png,not_hateful
53469.png,hateful
53471.png,not_hateful
53476.png,hateful
53481.png,not_hateful
53482.png,hateful
53486.png,not_hateful
53491.png,hateful
53492.png,not_hateful
53607.png,hateful
53609.png,not_hateful
53618.png,hateful
53624.png,not_hateful
53628.png,hateful
53640.png,not_hateful
53642.png,hateful
53647.png,not_hateful
53649.png,hateful
53678.png,not_hateful
53679.png,hateful
53682.png,not_hateful
53691.png,hateful
53692.png,not_hateful
53694.png,hateful
53706.png,not_hateful
53712.png,hateful
53714.png,not_hateful
53720.png,hateful
53740.png,not_hateful
53764.png,hateful
53768.png,not_hateful
53769.png,hateful
53782.png,not_hateful
53806.png,hateful
53810.png,not_hateful
53812.png,hateful
53814.png,not_hateful
53817.png,hateful
53820.png,not_hateful
53821.png,hateful
53827.png,not_hateful
53849.png,hateful
53871.png,not_hateful
53872.png,hateful
53876.png,not_hateful
53879.png,hateful
53897.png,not_hateful
53901.png,hateful
53904.png,not_hateful
53908.png,hateful
53914.png,not_hateful
53917.png,hateful
53924.png,not_hateful
53927.png,hateful
53941.png,not_hateful
53942.png,hateful
53948.png,not_hateful
53961.png,hateful
53962.png,not_hateful
53967.png,hateful
53968.png,not_hateful
53972.png,hateful
53976.png,not_hateful
53980.png,hateful
54012.png,not_hateful
54016.png,hateful
54018.png,not_hateful
54019.png,hateful
54023.png,not_hateful
54028.png,hateful
54038.png,not_hateful
54039.png,hateful
54062.png,not_hateful
54068.png,hateful
54069.png,not_hateful
54082.png,hateful
54083.png,not_hateful
54092.png,hateful
54093.png,not_hateful
54097.png,hateful
54098.png,not_hateful
54102.png,hateful
54108.png,not_hateful
54129.png,hateful
54130.png,not_hateful
54137.png,hateful
54138.png,not_hateful
54168.png,hateful
54170.png,not_hateful
54176.png,hateful
54179.png,not_hateful
54187.png,hateful
54190.png,not_hateful
54196.png,hateful
54201.png,not_hateful
54206.png,hateful
54209.png,not_hateful
54210.png,hateful
54217.png,not_hateful
54219.png,hateful
54231.png,not_hateful
54236.png,hateful
54260.png,not_hateful
54261.png,hateful
54263.png,not_hateful
54270.png,hateful
54276.png,not_hateful
54286.png,hateful
54287.png,not_hateful
54289.png,hateful
54290.png,not_hateful
54301.png,hateful
54310.png,not_hateful
54316.png,hateful
54317.png,not_hateful
54318.png,hateful
54319.png,not_hateful
54321.png,hateful
54367.png,not_hateful
54368.png,hateful
54370.png,not_hateful
54376.png,hateful
54389.png,not_hateful
54391.png,hateful
54397.png,not_hateful
54601.png,hateful
54602.png,not_hateful
54608.png,hateful
54610.png,not_hateful
54613.png,hateful
54617.png,not_hateful
54621.png,hateful
54629.png,not_hateful
54632.png,hateful
54639.png,not_hateful
54670.png,hateful
54672.png,not_hateful
54679.png,hateful
54682.png,not_hateful
54683.png,hateful
54689.png,not_hateful
54690.png,hateful
54691.png,not_hateful
54692.png,hateful
54693.png,not_hateful
54697.png,hateful
54698.png,not_hateful
54701.png,hateful
54703.png,not_hateful
54708.png,hateful
54709.png,not_hateful
54710.png,hateful
54713.png,not_hateful
54719.png,hateful
54720.png,not_hateful
54721.png,hateful
54726.png,not_hateful
54728.png,hateful
54730.png,not_hateful
54731.png,hateful
54738.png,not_hateful
54761.png,hateful
54780.png,not_hateful
54781.png,hateful
54782.png,not_hateful
54789.png,hateful
54790.png,not_hateful
54793.png,hateful
54801.png,not_hateful
54812.png,hateful
54816.png,not_hateful
54817.png,hateful
54819.png,not_hateful
54820.png,hateful
54823.png,not_hateful
54830.png,hateful
54831.png,not_hateful
54836.png,hateful
54837.png,not_hateful
54863.png,hateful
54891.png,not_hateful
54893.png,hateful
54896.png,not_hateful
54912.png,hateful
54917.png,not_hateful
54920.png,hateful
54927.png,not_hateful
54930.png,hateful
54931.png,not_hateful
54936.png,hateful
54962.png,not_hateful
54968.png,hateful
54971.png,not_hateful
54972.png,hateful
54973.png,not_hateful
54976.png,hateful
54978.png,not_hateful
54981.png,hateful
54982.png,not_hateful
54983.png,hateful
56018.png,not_hateful
56019.png,hateful
56023.png,not_hateful
56024.png,hateful
56038.png,not_hateful
56048.png,hateful
56071.png,not_hateful
56081.png,hateful
56082.png,not_hateful
56089.png,hateful
56091.png,not_hateful
56098.png,hateful
56104.png,not_hateful
56107.png,hateful
56108.png,not_hateful
56120.png,hateful
56123.png,not_hateful
56124.png,hateful
56128.png,not_hateful
56130.png,hateful
56134.png,not_hateful
56138.png,hateful
56143.png,not_hateful
56149.png,hateful
56178.png,not_hateful
56179.png,hateful
56180.png,not_hateful
56183.png,hateful
56184.png,not_hateful
56187.png,hateful
56189.png,not_hateful
56193.png,hateful
56207.png,not_hateful
56208.png,hateful
56210.png,not_hateful
56213.png,hateful
56219.png,not_hateful
56231.png,hateful
56240.png,not_hateful
56241.png,hateful
56243.png,not_hateful
56247.png,hateful
56248.png,not_hateful
56249.png,hateful
56273.png,not_hateful
56274.png,hateful
56280.png,not_hateful
56281.png,hateful
56287.png,not_hateful
56290.png,hateful
56291.png,not_hateful
56294.png,hateful
56302.png,not_hateful
56304.png,hateful
56307.png,not_hateful
56309.png,hateful
56310.png,not_hateful
56312.png,hateful
56327.png,not_hateful
56328.png,hateful
56340.png,not_hateful
56342.png,hateful
56374.png,not_hateful
56378.png,hateful
56387.png,not_hateful
56389.png,hateful
56392.png,not_hateful
56401.png,hateful
56409.png,not_hateful
56413.png,hateful
56417.png,not_hateful
56418.png,hateful
56419.png,not_hateful
56421.png,hateful
56423.png,not_hateful
56428.png,hateful
56429.png,not_hateful
56430.png,hateful
56432.png,not_hateful
56438.png,hateful
56470.png,not_hateful
56472.png,hateful
56473.png,not_hateful
56480.png,hateful
56482.png,not_hateful
56489.png,hateful
56490.png,not_hateful
56491.png,hateful
56497.png,not_hateful
56701.png,hateful
56708.png,not_hateful
56709.png,hateful
56712.png,not_hateful
56713.png,hateful
56714.png,not_hateful
56719.png,hateful
56721.png,not_hateful
56723.png,hateful
56738.png,not_hateful
56739.png,hateful
56741.png,not_hateful
56749.png,hateful
56789.png,not_hateful
56790.png,hateful
56791.png,not_hateful
56792.png,hateful
56803.png,not_hateful
56807.png,hateful
56810.png,not_hateful
56812.png,hateful
56819.png,not_hateful
56821.png,hateful
56827.png,not_hateful
56830.png,hateful
56834.png,not_hateful
56837.png,hateful
56841.png,not_hateful
56843.png,hateful
56870.png,not_hateful
56871.png,hateful
56872.png,not_hateful
56873.png,hateful
56891.png,not_hateful
56893.png,hateful
56907.png,not_hateful
56908.png,hateful
56910.png,not_hateful
56912.png,hateful
56917.png,not_hateful
56921.png,hateful
56928.png,not_hateful
56930.png,hateful
56931.png,not_hateful
56938.png,hateful
56940.png,not_hateful
56942.png,hateful
56947.png,not_hateful
56948.png,hateful
56972.png,not_hateful
56973.png,hateful
56974.png,not_hateful
56980.png,hateful
56981.png,not_hateful
56983.png,hateful
56987.png,not_hateful
57012.png,hateful
57013.png,not_hateful
57028.png,hateful
57029.png,not_hateful
57034.png,hateful
57042.png,not_hateful
57043.png,hateful
57046.png,not_hateful
57049.png,hateful
57063.png,not_hateful
57064.png,hateful
57084.png,not_hateful
57086.png,hateful
57089.png,not_hateful
57093.png,hateful
57094.png,not_hateful
57103.png,hateful
57109.png,not_hateful
57120.png,hateful
57124.png,not_hateful
57128.png,hateful
57129.png,not_hateful
57132.png,hateful
57134.png,not_hateful
57142.png,hateful
57146.png,not_hateful
57148.png,hateful
57160.png,not_hateful
57162.png,hateful
57164.png,not_hateful
57169.png,hateful
57180.png,not_hateful
57183.png,hateful
57189.png,not_hateful
57193.png,hateful
57198.png,not_hateful
57203.png,hateful
57208.png,not_hateful
57209.png,hateful
57236.png,not_hateful
57240.png,hateful
57243.png,not_hateful
57248.png,hateful
57249.png,not_hateful
57260.png,hateful
57261.png,not_hateful
57264.png,hateful
57268.png,not_hateful
57280.png,hateful
57281.png,not_hateful
57284.png,hateful
57286.png,not_hateful
57298.png,hateful
57302.png,not_hateful
57312.png,hateful
57319.png,not_hateful
57324.png,hateful
57326.png,not_hateful
57340.png,hateful
57346.png,not_hateful
57348.png,hateful
57349.png,not_hateful
57369.png,hateful
57382.png,not_hateful
57386.png,hateful
57389.png,not_hateful
57394.png,hateful
57401.png,not_hateful
57409.png,hateful
57410.png,not_hateful
57412.png,hateful
57418.png,not_hateful
57421.png,hateful
57423.png,not_hateful
57426.png,hateful
57430.png,not_hateful
57431.png,hateful
57438.png,not_hateful
57462.png,hateful
57463.png,not_hateful
57468.png,hateful
57469.png,not_hateful
57481.png,hateful
57482.png,not_hateful
57490.png,hateful
57496.png,not_hateful
57602.png,hateful
57608.png,not_hateful
57614.png,hateful
57618.png,not_hateful
57619.png,hateful
57621.png,not_hateful
57630.png,hateful
57631.png,not_hateful
57632.png,hateful
57638.png,not_hateful
57641.png,hateful
57643.png,not_hateful
57649.png,hateful
57681.png,not_hateful
57693.png,hateful
57698.png,not_hateful
57802.png,hateful
57812.png,not_hateful
57814.png,hateful
57821.png,not_hateful
57823.png,hateful
57826.png,not_hateful
57831.png,hateful
57836.png,not_hateful
57840.png,hateful
57846.png,not_hateful
57849.png,hateful
57861.png,not_hateful
57864.png,hateful
57869.png,not_hateful
57890.png,hateful
57893.png,not_hateful
57896.png,hateful
57908.png,not_hateful
57912.png,hateful
57913.png,not_hateful
57914.png,hateful
57918.png,not_hateful
57921.png,hateful
57923.png,not_hateful
57926.png,hateful
57932.png,not_hateful
57938.png,hateful
57941.png,not_hateful
57943.png,hateful
57962.png,not_hateful
57968.png,hateful
57980.png,not_hateful
57982.png,hateful
57984.png,not_hateful
57986.png,hateful
58012.png,not_hateful
58014.png,hateful
58016.png,not_hateful
58019.png,hateful
58023.png,not_hateful
58026.png,hateful
58027.png,not_hateful
58029.png,hateful
58036.png,not_hateful
58046.png,hateful
58061.png,not_hateful
58063.png,hateful
58069.png,not_hateful
58071.png,hateful
58079.png,not_hateful
58091.png,hateful
58093.png,not_hateful
58096.png,hateful
58109.png,not_hateful
58124.png,hateful
58127.png,not_hateful
58129.png,hateful
58130.png,not_hateful
58134.png,hateful
58136.png,not_hateful
58142.png,hateful
58160.png,not_hateful
58164.png,hateful
58170.png,not_hateful
58176.png,hateful
58190.png,not_hateful
58194.png,hateful
58196.png,not_hateful
58197.png,hateful
58203.png,not_hateful
58204.png,hateful
58209.png,not_hateful
58210.png,hateful
58213.png,not_hateful
58217.png,hateful
58239.png,not_hateful
58246.png,hateful
58247.png,not_hateful
58260.png,hateful
58264.png,not_hateful
58276.png,hateful
58297.png,not_hateful
58301.png,hateful
58304.png,not_hateful
58306.png,hateful
58309.png,not_hateful
58310.png,hateful
58312.png,not_hateful
58317.png,hateful
58321.png,not_hateful
58326.png,hateful
58327.png,not_hateful
58329.png,hateful
58340.png,not_hateful
58341.png,hateful
58349.png,not_hateful
58361.png,hateful
58364.png,not_hateful
58367.png,hateful
58369.png,not_hateful
58370.png,hateful
58371.png,not_hateful
58372.png,hateful
58374.png,not_hateful
58394.png,hateful
58407.png,not_hateful
58412.png,hateful
58417.png,not_hateful
58419.png,hateful
58421.png,not_hateful
58423.png,hateful
58426.png,not_hateful
58437.png,hateful
58460.png,not_hateful
58462.png,hateful
58463.png,not_hateful
58467.png,hateful
58471.png,not_hateful
58473.png,hateful
58476.png,not_hateful
58479.png,hateful
58490.png,not_hateful
58491.png,hateful
58497.png,not_hateful
58601.png,hateful
58602.png,not_hateful
58604.png,hateful
58607.png,not_hateful
58609.png,hateful
58612.png,not_hateful
58613.png,hateful
58621.png,not_hateful
58631.png,hateful
58637.png,not_hateful
58640.png,hateful
58642.png,not_hateful
58649.png,hateful
58672.png,not_hateful
58674.png,hateful
58679.png,not_hateful
58690.png,hateful
58694.png,not_hateful
58703.png,hateful
58706.png,not_hateful
58716.png,hateful
58726.png,not_hateful
58730.png,hateful
58732.png,not_hateful
58739.png,hateful
58740.png,not_hateful
58743.png,hateful
58760.png,not_hateful
58764.png,hateful
58769.png,not_hateful
58793.png,hateful
58901.png,not_hateful
58904.png,hateful
58906.png,not_hateful
58914.png,hateful
58916.png,not_hateful
58917.png,hateful
58924.png,not_hateful
58936.png,hateful
58947.png,not_hateful
58971.png,hateful
58974.png,not_hateful
58976.png,hateful
59012.png,not_hateful
59021.png,hateful
59024.png,not_hateful
59026.png,hateful
59028.png,not_hateful
59031.png,hateful
59034.png,not_hateful
59041.png,hateful
59043.png,not_hateful
59046.png,hateful
59047.png,not_hateful
59048.png,hateful
59061.png,not_hateful
59062.png,hateful
59063.png,not_hateful
59064.png,hateful
59072.png,not_hateful
59073.png,hateful
59076.png,not_hateful
59107.png,hateful
59120.png,not_hateful
59123.png,hateful
59124.png,not_hateful
59127.png,hateful
59128.png,not_hateful
59130.png,hateful
59140.png,not_hateful
59142.png,hateful
59143.png,not_hateful
59148.png,hateful
59163.png,not_hateful
59167.png,hateful
59170.png,not_hateful
59178.png,hateful
59186.png,not_hateful
59187.png,hateful
59203.png,not_hateful
59206.png,hateful
59214.png,not_hateful
59217.png,hateful
59230.png,not_hateful
59231.png,hateful
59237.png,not_hateful
59238.png,hateful
59240.png,not_hateful
59248.png,hateful
59260.png,not_hateful
59261.png,hateful
59264.png,not_hateful
59268.png,hateful
59276.png,not_hateful
59278.png,hateful
59287.png,not_hateful
59301.png,hateful
59304.png,not_hateful
59307.png,hateful
59316.png,not_hateful
59317.png,hateful
59321.png,not_hateful
59327.png,hateful
59328.png,not_hateful
59340.png,hateful
59341.png,not_hateful
59342.png,hateful
59346.png,not_hateful
59360.png,hateful
59362.png,not_hateful
59364.png,hateful
59370.png,not_hateful
59376.png,hateful
59380.png,not_hateful
59384.png,hateful
59401.png,not_hateful
59402.png,hateful
59403.png,not_hateful
59408.png,hateful
59410.png,not_hateful
59420.png,hateful
59423.png,not_hateful
59436.png,hateful
59460.png,not_hateful
59462.png,hateful
59463.png,not_hateful
59467.png,hateful
59468.png,not_hateful
59470.png,hateful
59471.png,not_hateful
59473.png,hateful
59478.png,not_hateful
59482.png,hateful
59487.png,not_hateful
59601.png,hateful
59602.png,not_hateful
59604.png,hateful
59613.png,not_hateful
59617.png,hateful
59621.png,not_hateful
59623.png,hateful
59627.png,not_hateful
59628.png,hateful
59634.png,not_hateful
59641.png,hateful
59642.png,not_hateful
59671.png,hateful
59672.png,not_hateful
59678.png,hateful
59682.png,not_hateful
59684.png,hateful
59701.png,not_hateful
59708.png,hateful
59714.png,not_hateful
59716.png,hateful
59718.png,not_hateful
59726.png,hateful
59731.png,not_hateful
59732.png,hateful
59738.png,not_hateful
59743.png,hateful
59761.png,not_hateful
59762.png,hateful
59763.png,not_hateful
59781.png,hateful
59784.png,not_hateful
59801.png,hateful
59806.png,not_hateful
59812.png,hateful
59814.png,not_hateful
59817.png,hateful
59824.png,not_hateful
59827.png,hateful
59832.png,not_hateful
59836.png,hateful
59837.png,not_hateful
59840.png,hateful
59860.png,not_hateful
59862.png,hateful
59863.png,not_hateful
59864.png,hateful
59870.png,not_hateful
59871.png,hateful
59873.png,not_hateful
59874.png,hateful
59876.png,not_hateful
60123.png,hateful
60128.png,not_hateful
60132.png,hateful
60134.png,not_hateful
60142.png,hateful
60143.png,not_hateful
60147.png,hateful
60158.png,not_hateful
60173.png,hateful
60175.png,not_hateful
60182.png,hateful
60183.png,not_hateful
60185.png,hateful
60193.png,not_hateful
60197.png,hateful
60213.png,not_hateful
60214.png,hateful
60215.png,not_hateful
60217.png,hateful
60234.png,not_hateful
60235.png,hateful
60238.png,not_hateful
60239.png,hateful
60249.png,not_hateful
60254.png,hateful
60257.png,not_hateful
60278.png,hateful
60281.png,not_hateful
60289.png,hateful
60314.png,not_hateful
60315.png,hateful
60317.png,not_hateful
60329.png,hateful
60345.png,not_hateful
60348.png,hateful
60357.png,not_hateful
60371.png,hateful
60374.png,not_hateful
60379.png,hateful
60384.png,not_hateful
60389.png,hateful
60398.png,not_hateful
60421.png,hateful
60425.png,not_hateful
60427.png,hateful
60435.png,not_hateful
60439.png,hateful
60451.png,not_hateful
60478.png,hateful
60483.png,not_hateful
60487.png,hateful
60513.png,not_hateful
60527.png,hateful
60532.png,not_hateful
60534.png,hateful
60538.png,not_hateful
60539.png,hateful
60541.png,not_hateful
60549.png,hateful
60571.png,not_hateful
60573.png,hateful
60574.png,not_hateful
60578.png,hateful
60589.png,not_hateful
60592.png,hateful
60597.png,not_hateful
60598.png,hateful
60714.png,not_hateful
60718.png,hateful
60721.png,not_hateful
60724.png,hateful
60729.png,not_hateful
60732.png,hateful
60739.png,not_hateful
60741.png,hateful
60742.png,not_hateful
60758.png,hateful
60759.png,not_hateful
60783.png,hateful
60784.png,not_hateful
60785.png,hateful
60789.png,not_hateful
60792.png,hateful
60794.png,not_hateful
60798.png,hateful
60812.png,not_hateful
60821.png,hateful
60823.png,not_hateful
60827.png,hateful
60829.png,not_hateful
60834.png,hateful
60837.png,not_hateful
60839.png,hateful
60841.png,not_hateful
60852.png,hateful
60857.png,not_hateful
60892.png,hateful
60893.png,not_hateful
60895.png,hateful
60897.png,not_hateful
60913.png,hateful
60917.png,not_hateful
60924.png,hateful
60927.png,not_hateful
60931.png,hateful
60937.png,not_hateful
60938.png,hateful
60971.png,not_hateful
60972.png,hateful
60973.png,not_hateful
60981.png,hateful
60982.png,not_hateful
60985.png,hateful
61028.png,not_hateful
61032.png,hateful
61037.png,not_hateful
61038.png,hateful
61047.png,not_hateful
61048.png,hateful
61054.png,not_hateful
61058.png,hateful
61074.png,not_hateful
61082.png,hateful
61085.png,not_hateful
61089.png,hateful
61092.png,not_hateful
61093.png,hateful
61094.png,not_hateful
61097.png,hateful
61204.png,not_hateful
61205.png,hateful
61207.png,not_hateful
61208.png,hateful
61234.png,not_hateful
61250.png,hateful
61257.png,not_hateful
61258.png,hateful
61259.png,not_hateful
61270.png,hateful
61274.png,not_hateful
61278.png,hateful
61280.png,not_hateful
61285.png,hateful
61289.png,not_hateful
61297.png,hateful
61298.png,not_hateful
61304.png,hateful
61308.png,not_hateful
61342.png,hateful
61345.png,not_hateful
61347.png,hateful
61349.png,not_hateful
61358.png,hateful
61378.png,not_hateful
61379.png,hateful
61380.png,not_hateful
61382.png,hateful
61385.png,not_hateful
61395.png,hateful
61407.png,not_hateful
61408.png,hateful
61420.png,not_hateful
61423.png,hateful
61425.png,not_hateful
61438.png,hateful
61450.png,not_hateful
61453.png,hateful
61458.png,not_hateful
61459.png,hateful
61479.png,not_hateful
61480.png,hateful
61482.png,not_hateful
61483.png,hateful
61485.png,not_hateful
61489.png,hateful
61492.png,not_hateful
61495.png,hateful
61497.png,not_hateful
61502.png,hateful
61503.png,not_hateful
61527.png,hateful
61532.png,not_hateful
61537.png,hateful
61538.png,not_hateful
61548.png,hateful
61549.png,not_hateful
61570.png,hateful
61578.png,not_hateful
61580.png,hateful
61589.png,not_hateful
61590.png,hateful
61592.png,not_hateful
61597.png,hateful
61702.png,not_hateful
61723.png,hateful
61725.png,not_hateful
61730.png,hateful
61732.png,not_hateful
61742.png,hateful
61743.png,not_hateful
61748.png,hateful
61749.png,not_hateful
61752.png,hateful
61753.png,not_hateful
61754.png,hateful
61759.png,not_hateful
61780.png,hateful
61792.png,not_hateful
61793.png,hateful
61798.png,not_hateful
61802.png,hateful
61820.png,not_hateful
61823.png,hateful
61825.png,not_hateful
61827.png,hateful
61834.png,not_hateful
61835.png,hateful
61840.png,not_hateful
61847.png,hateful
61859.png,not_hateful
61870.png,hateful
61872.png,not_hateful
61873.png,hateful
61890.png,not_hateful
61892.png,hateful
61893.png,not_hateful
61894.png,hateful
61897.png,not_hateful
61904.png,hateful
61905.png,not_hateful
61908.png,hateful
61924.png,not_hateful
61927.png,hateful
61928.png,not_hateful
61932.png,hateful
61935.png,not_hateful
61937.png,hateful
61938.png,not_hateful
61940.png,hateful
61948.png,not_hateful
61950.png,hateful
61952.png,not_hateful
61953.png,hateful
61972.png,not_hateful
61973.png,hateful
61980.png,not_hateful
61983.png,hateful
62017.png,not_hateful
62018.png,hateful
62019.png,not_hateful
62031.png,hateful
62035.png,not_hateful
62038.png,hateful
62043.png,not_hateful
62047.png,hateful
62057.png,not_hateful
62081.png,hateful
62083.png,not_hateful
62084.png,hateful
62085.png,not_hateful
62093.png,hateful
62094.png,not_hateful
62097.png,hateful
62105.png,not_hateful
62107.png,hateful
62108.png,not_hateful
62134.png,hateful
62135.png,not_hateful
62143.png,hateful
62147.png,not_hateful
62149.png,hateful
62150.png,not_hateful
62158.png,hateful
62174.png,not_hateful
62175.png,hateful
62178.png,not_hateful
62184.png,hateful
62197.png,not_hateful
62198.png,hateful
62301.png,not_hateful
62305.png,hateful
62307.png,not_hateful
62308.png,hateful
62314.png,not_hateful
62315.png,hateful
62319.png,not_hateful
62340.png,hateful
62351.png,not_hateful
62354.png,hateful
62357.png,not_hateful
62358.png,hateful
62374.png,not_hateful
62375.png,hateful
62378.png,not_hateful
62381.png,hateful
62384.png,not_hateful
62391.png,hateful
62394.png,not_hateful
62398.png,hateful
62405.png,not_hateful
62408.png,hateful
62409.png,not_hateful
62413.png,hateful
62415.png,not_hateful
62417.png,hateful
62418.png,not_hateful
62435.png,hateful
62439.png,not_hateful
62457.png,hateful
62458.png,not_hateful
62471.png,hateful
62483.png,not_hateful
62485.png,hateful
62490.png,not_hateful
62498.png,hateful
62501.png,not_hateful
62504.png,hateful
62509.png,not_hateful
62510.png,hateful
62513.png,not_hateful
62514.png,hateful
62531.png,not_hateful
62537.png,hateful
62541.png,not_hateful
62571.png,hateful
62573.png,not_hateful
62578.png,hateful
62580.png,not_hateful
62581.png,hateful
62584.png,not_hateful
62589.png,hateful
62590.png,not_hateful
62594.png,hateful
62597.png,not_hateful
62598.png,hateful
62703.png,not_hateful
62705.png,hateful
62710.png,not_hateful
62713.png,hateful
62718.png,not_hateful
62719.png,hateful
62731.png,not_hateful
62739.png,hateful
62740.png,not_hateful
62745.png,hateful
62751.png,not_hateful
62754.png,hateful
62758.png,not_hateful
62781.png,hateful
62784.png,not_hateful
62789.png,hateful
62790.png,not_hateful
62791.png,hateful
62804.png,not_hateful
62805.png,hateful
62814.png,not_hateful
62815.png,hateful
62831.png,not_hateful
62840.png,hateful
62843.png,not_hateful
62849.png,hateful
62850.png,not_hateful
62851.png,hateful
62854.png,not_hateful
62859.png,hateful
62891.png,not_hateful
62904.png,hateful
62907.png,not_hateful
62913.png,hateful
62915.png,not_hateful
62917.png,hateful
62931.png,not_hateful
62934.png,hateful
62941.png,not_hateful
62947.png,hateful
62948.png,not_hateful
62970.png,hateful
62971.png,not_hateful
62974.png,hateful
62981.png,not_hateful
62985.png,hateful
63012.png,not_hateful
63017.png,hateful
63025.png,not_hateful
63028.png,hateful
63029.png,not_hateful
63041.png,hateful
63042.png,not_hateful
63051.png,hateful
63052.png,not_hateful
63057.png,hateful
63074.png,not_hateful
63075.png,hateful
63078.png,not_hateful
63082.png,hateful
63087.png,not_hateful
63092.png,hateful
63095.png,not_hateful
63097.png,hateful
63104.png,not_hateful
63105.png,hateful
63124.png,not_hateful
63129.png,hateful
63140.png,not_hateful
63142.png,hateful
63150.png,not_hateful
63152.png,hateful
63159.png,not_hateful
63172.png,hateful
63174.png,not_hateful
63175.png,hateful
63182.png,not_hateful
63185.png,hateful
63187.png,not_hateful
63192.png,hateful
63195.png,not_hateful
63198.png,hateful
63201.png,not_hateful
63207.png,hateful
63210.png,not_hateful
63217.png,hateful
63250.png,not_hateful
63251.png,hateful
63270.png,not_hateful
63275.png,hateful
63280.png,not_hateful
63281.png,hateful
63285.png,not_hateful
63287.png,hateful
63289.png,not_hateful
63290.png,hateful
63295.png,not_hateful
63410.png,hateful
63412.png,not_hateful
63415.png,hateful
63417.png,not_hateful
63418.png,hateful
63425.png,not_hateful
63451.png,hateful
63452.png,not_hateful
63458.png,hateful
63472.png,not_hateful
63479.png,hateful
63490.png,not_hateful
63491.png,hateful
63492.png,not_hateful
63501.png,hateful
63502.png,not_hateful
63507.png,hateful
63509.png,not_hateful
63510.png,hateful
63517.png,not_hateful
63520.png,hateful
63524.png,not_hateful
63529.png,hateful
63542.png,not_hateful
63547.png,hateful
63548.png,not_hateful
63572.png,hateful
63578.png,not_hateful
63579.png,hateful
63580.png,not_hateful
63581.png,hateful
63582.png,not_hateful
63587.png,hateful
63589.png,not_hateful
63594.png,hateful
63702.png,not_hateful
63704.png,hateful
63709.png,not_hateful
63710.png,hateful
63712.png,not_hateful
63714.png,hateful
63715.png,not_hateful
63718.png,hateful
63719.png,not_hateful
63720.png,hateful
63741.png,not_hateful
63745.png,hateful
63749.png,not_hateful
63758.png,hateful
63784.png,not_hateful
63792.png,hateful
63795.png,not_hateful
63798.png,hateful
63804.png,not_hateful
63805.png,hateful
63812.png,not_hateful
63814.png,hateful
63827.png,not_hateful
63845.png,hateful
63850.png,not_hateful
63859.png,hateful
63871.png,not_hateful
63890.png,hateful
63894.png,not_hateful
63902.png,hateful
63905.png,not_hateful
63908.png,hateful
63910.png,not_hateful
63915.png,hateful
63917.png,not_hateful
63920.png,hateful
63921.png,not_hateful
63924.png,hateful
63941.png,not_hateful
63951.png,hateful
63952.png,not_hateful
63954.png,hateful
63957.png,not_hateful
63974.png,hateful
63981.png,not_hateful
63985.png,hateful
63987.png,not_hateful
64015.png,hateful
64017.png,not_hateful
64019.png,hateful
64025.png,not_hateful
64027.png,hateful
64029.png,not_hateful
64032.png,hateful
64037.png,not_hateful
64038.png,hateful
64051.png,not_hateful
64059.png,hateful
64071.png,not_hateful
64072.png,hateful
64078.png,not_hateful
64081.png,hateful
64087.png,not_hateful
64089.png,hateful
64093.png,not_hateful
64097.png,hateful
64125.png,not_hateful
64127.png,hateful
64128.png,not_hateful
64130.png,hateful
64137.png,not_hateful
64138.png,hateful
64150.png,not_hateful
64153.png,hateful
64157.png,not_hateful
64172.png,hateful
64175.png,not_hateful
64189.png,hateful
64190.png,not_hateful
64193.png,hateful
64197.png,not_hateful
64198.png,hateful
64207.png,not_hateful
64208.png,hateful
64215.png,not_hateful
64219.png,hateful
64250.png,not_hateful
64257.png,hateful
64273.png,not_hateful
64278.png,hateful
64279.png,not_hateful
64280.png,hateful
64281.png,not_hateful
64283.png,hateful
64285.png,not_hateful
64287.png,hateful
64291.png,not_hateful
64293.png,hateful
64297.png,not_hateful
64301.png,hateful
64309.png,not_hateful
64310.png,hateful
64312.png,not_hateful
64318.png,hateful
64320.png,not_hateful
64321.png,hateful
64325.png,not_hateful
64327.png,hateful
64329.png,not_hateful
64350.png,hateful
64357.png,not_hateful
64359.png,hateful
64370.png,not_hateful
64385.png,hateful
64390.png,not_hateful
64391.png,hateful
64510.png,not_hateful
64513.png,hateful
64520.png,not_hateful
64523.png,hateful
64531.png,not_hateful
64532.png,hateful
64537.png,not_hateful
64539.png,hateful
64571.png,not_hateful
64590.png,hateful
64592.png,not_hateful
64593.png,hateful
64701.png,not_hateful
64705.png,hateful
64708.png,not_hateful
64709.png,hateful
64720.png,not_hateful
64721.png,hateful
64723.png,not_hateful
64730.png,hateful
64735.png,not_hateful
64752.png,hateful
64753.png,not_hateful
64758.png,hateful
64780.png,not_hateful
64781.png,hateful
64789.png,not_hateful
64803.png,hateful
64805.png,not_hateful
64810.png,hateful
64813.png,not_hateful
64820.png,hateful
64821.png,not_hateful
64825.png,hateful
64839.png,not_hateful
64853.png,hateful
64870.png,not_hateful
64890.png,hateful
64891.png,not_hateful
64901.png,hateful
64902.png,not_hateful
64905.png,hateful
64907.png,not_hateful
64910.png,hateful
64912.png,not_hateful
64913.png,hateful
64918.png,not_hateful
64925.png,hateful
64935.png,not_hateful
64951.png,hateful
64957.png,not_hateful
64958.png,hateful
64978.png,not_hateful
64982.png,hateful
65012.png,not_hateful
65017.png,hateful
65019.png,not_hateful
65024.png,hateful
65034.png,not_hateful
65037.png,hateful
65041.png,not_hateful
65043.png,hateful
65071.png,not_hateful
65073.png,hateful
65078.png,not_hateful
65087.png,hateful
65092.png,not_hateful
65093.png,hateful
65094.png,not_hateful
65097.png,hateful
65098.png,not_hateful
65102.png,hateful
65103.png,not_hateful
65107.png,hateful
65108.png,not_hateful
65123.png,hateful
65124.png,not_hateful
65127.png,hateful
65129.png,not_hateful
65130.png,hateful
65139.png,not_hateful
65140.png,hateful
65147.png,not_hateful
65148.png,hateful
65149.png,not_hateful
65178.png,hateful
65179.png,not_hateful
65183.png,hateful
65187.png,not_hateful
65189.png,hateful
65190.png,not_hateful
65201.png,hateful
65203.png,not_hateful
65204.png,hateful
65207.png,not_hateful
65209.png,hateful
65213.png,not_hateful
65217.png,hateful
65231.png,not_hateful
65234.png,hateful
65237.png,not_hateful
65238.png,hateful
65240.png,not_hateful
65243.png,hateful
65248.png,not_hateful
65273.png,hateful
65274.png,not_hateful
65281.png,hateful
65283.png,not_hateful
65289.png,hateful
65297.png,not_hateful
65298.png,hateful
65301.png,not_hateful
65307.png,hateful
65308.png,not_hateful
65312.png,hateful
65319.png,not_hateful
65320.png,hateful
65328.png,not_hateful
65341.png,hateful
65342.png,not_hateful
65347.png,hateful
65349.png,not_hateful
65371.png,hateful
65372.png,not_hateful
65378.png,hateful
65380.png,not_hateful
65387.png,hateful
65389.png,not_hateful
65392.png,hateful
65401.png,not_hateful
65403.png,hateful
65407.png,not_hateful
65409.png,hateful
65413.png,not_hateful
65429.png,hateful
65430.png,not_hateful
65432.png,hateful
65439.png,not_hateful
65473.png,hateful
65478.png,not_hateful
65482.png,hateful
65491.png,not_hateful
65703.png,hateful
65704.png,not_hateful
65708.png,hateful
65712.png,not_hateful
65714.png,hateful
65728.png,not_hateful
65730.png,hateful
65732.png,not_hateful
65734.png,hateful
65739.png,not_hateful
65740.png,hateful
65741.png,not_hateful
65743.png,hateful
65782.png,not_hateful
65789.png,hateful
65794.png,not_hateful
65801.png,hateful
65802.png,not_hateful
65803.png,hateful
65804.png,not_hateful
65807.png,hateful
65809.png,not_hateful
65814.png,hateful
65817.png,not_hateful
65819.png,hateful
65824.png,not_hateful
65827.png,hateful
65829.png,not_hateful
65832.png,hateful
65843.png,not_hateful
65871.png,hateful
65891.png,not_hateful
65892.png,hateful
65904.png,not_hateful
65908.png,hateful
65914.png,not_hateful
65917.png,hateful
65927.png,not_hateful
65930.png,hateful
65931.png,not_hateful
65937.png,hateful
65940.png,not_hateful
65948.png,hateful
65978.png,not_hateful
65980.png,hateful
65981.png,not_hateful
67014.png,hateful
67015.png,not_hateful
67018.png,hateful
67021.png,not_hateful
67024.png,hateful
67025.png,not_hateful
67029.png,hateful
67031.png,not_hateful
67034.png,hateful
67041.png,not_hateful
67043.png,hateful
67048.png,not_hateful
67051.png,hateful
67054.png,not_hateful
67058.png,hateful
67059.png,not_hateful
67082.png,hateful
67084.png,not_hateful
67091.png,hateful
67092.png,not_hateful
67103.png,hateful
67108.png,not_hateful
67109.png,hateful
67124.png,not_hateful
67125.png,hateful
67129.png,not_hateful
67130.png,hateful
67132.png,not_hateful
67138.png,hateful
67140.png,not_hateful
67142.png,hateful
67143.png,not_hateful
67148.png,hateful
67149.png,not_hateful
67158.png,hateful
67159.png,not_hateful
67180.png,hateful
67183.png,not_hateful
67190.png,hateful
67193.png,not_hateful
67194.png,hateful
67195.png,not_hateful
67198.png,hateful
67201.png,not_hateful
67205.png,hateful
67208.png,not_hateful
67209.png,hateful
67214.png,not_hateful
67219.png,hateful
67234.png,not_hateful
67241.png,hateful
67243.png,not_hateful
67250.png,hateful
67254.png,not_hateful
67259.png,hateful
67281.png,not_hateful
67283.png,hateful
67284.png,not_hateful
67298.png,hateful
67302.png,not_hateful
67309.png,hateful
67312.png,not_hateful
67318.png,hateful
67319.png,not_hateful
67324.png,hateful
67325.png,not_hateful
67328.png,hateful
67342.png,not_hateful
67348.png,hateful
67350.png,not_hateful
67352.png,hateful
67354.png,not_hateful
67384.png,hateful
67385.png,not_hateful
67394.png,hateful
67398.png,not_hateful
67402.png,hateful
67410.png,not_hateful
67413.png,hateful
67415.png,not_hateful
67419.png,hateful
67420.png,not_hateful
67431.png,hateful
67435.png,not_hateful
67438.png,hateful
67439.png,not_hateful
67481.png,hateful
67485.png,not_hateful
67490.png,hateful
67491.png,not_hateful
67492.png,hateful
67498.png,not_hateful
67504.png,hateful
67512.png,not_hateful
67518.png,hateful
67520.png,not_hateful
67521.png,hateful
67528.png,not_hateful
67531.png,hateful
67532.png,not_hateful
67538.png,hateful
67539.png,not_hateful
67541.png,hateful
67543.png,not_hateful
67548.png,hateful
67580.png,not_hateful
67581.png,hateful
67582.png,not_hateful
67584.png,hateful
67593.png,not_hateful
67594.png,hateful
67598.png,not_hateful
67801.png,hateful
67802.png,not_hateful
67809.png,hateful
67810.png,not_hateful
67820.png,hateful
67823.png,not_hateful
67825.png,hateful
67831.png,not_hateful
67835.png,hateful
67841.png,not_hateful
67842.png,hateful
67843.png,not_hateful
67849.png,hateful
67852.png,not_hateful
67859.png,hateful
67892.png,not_hateful
67894.png,hateful
67904.png,not_hateful
67912.png,hateful
67913.png,not_hateful
67915.png,hateful
67924.png,not_hateful
67935.png,hateful
67938.png,not_hateful
67943.png,hateful
67948.png,not_hateful
67951.png,hateful
67953.png,not_hateful
67980.png,hateful
67983.png,not_hateful
67984.png,hateful
68017.png,not_hateful
68019.png,hateful
68025.png,not_hateful
68027.png,hateful
68034.png,not_hateful
68039.png,hateful
68042.png,not_hateful
68043.png,hateful
68045.png,not_hateful
68079.png,hateful
68094.png,not_hateful
68120.png,hateful
68127.png,not_hateful
68137.png,hateful
68145.png,not_hateful
68154.png,hateful
68159.png,not_hateful
68172.png,hateful
68179.png,not_hateful
68190.png,hateful
68192.png,not_hateful
68193.png,hateful
68194.png,not_hateful
68201.png,hateful
68204.png,not_hateful
68213.png,hateful
68230.png,not_hateful
68231.png,hateful
68245.png,not_hateful
68249.png,hateful
68253.png,not_hateful
68254.png,hateful
68257.png,not_hateful
68259.png,hateful
68270.png,not_hateful
68294.png,hateful
68295.png,not_hateful
68304.png,hateful
68307.png,not_hateful
68309.png,hateful
68321.png,not_hateful
68324.png,hateful
68325.png,not_hateful
68327.png,hateful
68329.png,not_hateful
68342.png,hateful
68349.png,not_hateful
68350.png,hateful
68370.png,not_hateful
68371.png,hateful
68374.png,not_hateful
68379.png,hateful
68390.png,not_hateful
68391.png,hateful
68394.png,not_hateful
68401.png,hateful
68407.png,not_hateful
68409.png,hateful
68417.png,not_hateful
68423.png,hateful
68429.png,not_hateful
68431.png,hateful
68439.png,not_hateful
68450.png,hateful
68452.png,not_hateful
68457.png,hateful
68459.png,not_hateful
68472.png,hateful
68491.png,not_hateful
68503.png,hateful
68507.png,not_hateful
68510.png,hateful
68512.png,not_hateful
68517.png,hateful
68519.png,not_hateful
68520.png,hateful
68521.png,not_hateful
68527.png,hateful
68529.png,not_hateful
68530.png,hateful
68531.png,not_hateful
68540.png,hateful
68541.png,not_hateful
68543.png,hateful
68549.png,not_hateful
68579.png,hateful
68592.png,not_hateful
68594.png,hateful
68597.png,not_hateful
68705.png,hateful
68713.png,not_hateful
68715.png,hateful
68719.png,not_hateful
68720.png,hateful
68721.png,not_hateful
68730.png,hateful
68731.png,not_hateful
68739.png,hateful
68742.png,not_hateful
68743.png,hateful
68745.png,not_hateful
68749.png,hateful
68751.png,not_hateful
68752.png,hateful
68753.png,not_hateful
68759.png,hateful
68901.png,not_hateful
68902.png,hateful
68903.png,not_hateful
68913.png,hateful
68915.png,not_hateful
68917.png,hateful
68921.png,not_hateful
68923.png,hateful
68927.png,not_hateful
68930.png,hateful
68934.png,not_hateful
68937.png,hateful
68941.png,not_hateful
68943.png,hateful
68947.png,not_hateful
68950.png,hateful
68951.png,not_hateful
68954.png,hateful
68957.png,not_hateful
68971.png,hateful
68973.png,not_hateful
68975.png,hateful
69012.png,not_hateful
69013.png,hateful
69014.png,not_hateful
69015.png,hateful
69017.png,not_hateful
69018.png,hateful
69024.png,not_hateful
69025.png,hateful
69027.png,not_hateful
69032.png,hateful
69035.png,not_hateful
69041.png,hateful
69042.png,not_hateful
69043.png,hateful
69052.png,not_hateful
69054.png,hateful
69057.png,not_hateful
69073.png,hateful
69074.png,not_hateful
69078.png,hateful
69081.png,not_hateful
69084.png,hateful
69085.png,not_hateful
69087.png,hateful
69123.png,not_hateful
69125.png,hateful
69127.png,not_hateful
69128.png,hateful
69130.png,not_hateful
69134.png,hateful
69137.png,not_hateful
69140.png,hateful
69150.png,not_hateful
69158.png,hateful
69174.png,not_hateful
69175.png,hateful
69178.png,not_hateful
69203.png,hateful
69205.png,not_hateful
69234.png,hateful
69235.png,not_hateful
69237.png,hateful
69250.png,not_hateful
69251.png,hateful
69253.png,not_hateful
69258.png,hateful
69273.png,not_hateful
69304.png,hateful
69305.png,not_hateful
69307.png,hateful
69308.png,not_hateful
69312.png,hateful
69324.png,not_hateful
69327.png,hateful
69342.png,not_hateful
69348.png,hateful
69351.png,not_hateful
69357.png,hateful
69370.png,not_hateful
69375.png,hateful
69380.png,not_hateful
69402.png,hateful
69403.png,not_hateful
69405.png,hateful
69410.png,not_hateful
69412.png,hateful
69415.png,not_hateful
69418.png,hateful
69421.png,not_hateful
69423.png,hateful
69425.png,not_hateful
69427.png,hateful
69428.png,not_hateful
69450.png,hateful
69470.png,not_hateful
69472.png,hateful
69480.png,not_hateful
69487.png,hateful
69503.png,not_hateful
69512.png,hateful
69514.png,not_hateful
69518.png,hateful
69520.png,not_hateful
69521.png,hateful
69523.png,not_hateful
69524.png,hateful
69528.png,not_hateful
69530.png,hateful
69534.png,not_hateful
69542.png,hateful
69548.png,not_hateful
69570.png,hateful
69582.png,not_hateful
69584.png,hateful
69702.png,not_hateful
69708.png,hateful
69710.png,not_hateful
69713.png,hateful
69720.png,not_hateful
69728.png,hateful
69731.png,not_hateful
69732.png,hateful
69743.png,not_hateful
69750.png,hateful
69751.png,not_hateful
69752.png,hateful
69753.png,not_hateful
69758.png,hateful
69780.png,not_hateful
69804.png,hateful
69807.png,not_hateful
69812.png,hateful
69813.png,not_hateful
69815.png,hateful
69820.png,not_hateful
69823.png,hateful
69824.png,not_hateful
69842.png,hateful
69845.png,not_hateful
69850.png,hateful
69870.png,not_hateful
69873.png,hateful
69875.png,not_hateful
70123.png,hateful
70125.png,not_hateful
70126.png,hateful
70132.png,not_hateful
70136.png,hateful
70142.png,not_hateful
70143.png,hateful
70146.png,not_hateful
70148.png,hateful
70153.png,not_hateful
70158.png,hateful
70162.png,not_hateful
70164.png,hateful
70169.png,not_hateful
70182.png,hateful
70183.png,not_hateful
70189.png,hateful
70193.png,not_hateful
70194.png,hateful
70196.png,not_hateful
70198.png,hateful
70213.png,not_hateful
70214.png,hateful
70231.png,not_hateful
70234.png,hateful
70235.png,not_hateful
70243.png,hateful
70254.png,not_hateful
70264.png,hateful
70268.png,not_hateful
70269.png,hateful
70281.png,not_hateful
70284.png,hateful
70285.png,not_hateful
70293.png,hateful
70294.png,not_hateful
70296.png,hateful
70315.png,not_hateful
70318.png,hateful
70319.png,not_hateful
70324.png,hateful
70325.png,not_hateful
70326.png,hateful
70329.png,not_hateful
70341.png,hateful
70346.png,not_hateful
70352.png,hateful
70356.png,not_hateful
70362.png,hateful
70368.png,not_hateful
70381.png,hateful
70384.png,not_hateful
70385.png,hateful
70394.png,not_hateful
70395.png,hateful
70396.png,not_hateful
70413.png,hateful
70415.png,not_hateful
70423.png,hateful
70426.png,not_hateful
70428.png,hateful
70429.png,not_hateful
70432.png,hateful
70435.png,not_hateful
70452.png,hateful
70456.png,not_hateful
70459.png,hateful
70465.png,not_hateful
70492.png,hateful
70495.png,not_hateful
70496.png,hateful
70498.png,not_hateful
70512.png,hateful
70519.png,not_hateful
70528.png,hateful
70529.png,not_hateful
70531.png,hateful
70532.png,not_hateful
70534.png,hateful
70539.png,not_hateful
70541.png,hateful
70543.png,not_hateful
70549.png,hateful
70561.png,not_hateful
70562.png,hateful
70564.png,not_hateful
70582.png,hateful
70592.png,not_hateful
70594.png,hateful
70598.png,not_hateful
70612.png,hateful
70613.png,not_hateful
70614.png,hateful
70623.png,not_hateful
70624.png,hateful
70628.png,not_hateful
70634.png,hateful
70641.png,not_hateful
70643.png,hateful
70645.png,not_hateful
70649.png,hateful
70652.png,not_hateful
70653.png,hateful
70654.png,not_hateful
70658.png,hateful
70682.png,not_hateful
70691.png,hateful
70698.png,not_hateful
70821.png,hateful
70825.png,not_hateful
70826.png,hateful
70829.png,not_hateful
70834.png,hateful
70835.png,not_hateful
70841.png,hateful
70842.png,not_hateful
70843.png,hateful
70845.png,not_hateful
70849.png,hateful
70851.png,not_hateful
70864.png,hateful
70865.png,not_hateful
70893.png,hateful
70912.png,not_hateful
70914.png,hateful
70923.png,not_hateful
70925.png,hateful
70928.png,not_hateful
70932.png,hateful
70934.png,not_hateful
70935.png,hateful
70936.png,not_hateful
70941.png,hateful
70942.png,not_hateful
70948.png,hateful
70953.png,not_hateful
70964.png,hateful
70981.png,not_hateful
70984.png,hateful
71023.png,not_hateful
71028.png,hateful
71032.png,not_hateful
71035.png,hateful
71038.png,not_hateful
71042.png,hateful
71045.png,not_hateful
71046.png,hateful
71048.png,not_hateful
71052.png,hateful
71058.png,not_hateful
71063.png,hateful
71069.png,not_hateful
71082.png,hateful
71083.png,not_hateful
71084.png,hateful
71086.png,not_hateful
71089.png,hateful
71092.png,not_hateful
71094.png,hateful
71095.png,not_hateful
71098.png,hateful
71206.png,not_hateful
71230.png,hateful
71236.png,not_hateful
71245.png,hateful
71249.png,not_hateful
71250.png,hateful
71253.png,not_hateful
71259.png,hateful
71260.png,not_hateful
71263.png,hateful
71265.png,not_hateful
71269.png,hateful
71280.png,not_hateful
71285.png,hateful
71289.png,not_hateful
71294.png,hateful
71298.png,not_hateful
71302.png,hateful
71305.png,not_hateful
71308.png,hateful
71309.png,not_hateful
71320.png,hateful
71325.png,not_hateful
71340.png,hateful
71348.png,not_hateful
71352.png,hateful
71354.png,not_hateful
71358.png,hateful
71360.png,not_hateful
71364.png,hateful
71365.png,not_hateful
71368.png,hateful
71380.png,not_hateful
71389.png,hateful
71390.png,not_hateful
71392.png,hateful
71395.png,not_hateful
71396.png,hateful
71398.png,not_hateful
71403.png,hateful
71420.png,not_hateful
71428.png,hateful
71429.png,not_hateful
71430.png,hateful
71432.png,not_hateful
71436.png,hateful
71439.png,not_hateful
71450.png,hateful
71452.png,not_hateful
71453.png,hateful
71459.png,not_hateful
71462.png,hateful
71463.png,not_hateful
71480.png,hateful
71482.png,not_hateful
71483.png,hateful
71485.png,not_hateful
71486.png,hateful
71492.png,not_hateful
71502.png,hateful
71503.png,not_hateful
71506.png,hateful
71509.png,not_hateful
71524.png,hateful
71528.png,not_hateful
71529.png,hateful
71530.png,not_hateful
71532.png,hateful
71534.png,not_hateful
71539.png,hateful
71543.png,not_hateful
71548.png,hateful
71560.png,not_hateful
71562.png,hateful
71563.png,not_hateful
71568.png,hateful
71583.png,not_hateful
71584.png,hateful
71586.png,not_hateful
71593.png,hateful
71596.png,not_hateful
71602.png,hateful
71620.png,not_hateful
71624.png,hateful
71625.png,not_hateful
71628.png,hateful
71630.png,not_hateful
71634.png,hateful
71635.png,not_hateful
71645.png,hateful
71649.png,not_hateful
71653.png,hateful
71658.png,not_hateful
71659.png,hateful
71680.png,not_hateful
71682.png,hateful
71689.png,not_hateful
71692.png,hateful
71693.png,not_hateful
71805.png,hateful
71823.png,not_hateful
71824.png,hateful
71825.png,not_hateful
71826.png,hateful
71830.png,not_hateful
71832.png,hateful
71834.png,not_hateful
71836.png,hateful
71839.png,not_hateful
71840.png,hateful
71843.png,not_hateful
71845.png,hateful
71846.png,not_hateful
71849.png,hateful
71856.png,not_hateful
71863.png,hateful
71869.png,not_hateful
71892.png,hateful
71902.png,not_hateful
71903.png,hateful
71905.png,not_hateful
71906.png,hateful
71920.png,not_hateful
71925.png,hateful
71930.png,not_hateful
71938.png,hateful
71942.png,not_hateful
71943.png,hateful
71950.png,not_hateful
71954.png,hateful
71963.png,not_hateful
71965.png,hateful
71968.png,not_hateful
71983.png,hateful
71986.png,not_hateful
72014.png,hateful
72016.png,not_hateful
72018.png,hateful
72019.png,not_hateful
72035.png,hateful
72045.png,not_hateful
72046.png,hateful
72048.png,not_hateful
72054.png,hateful
72058.png,not_hateful
72059.png,hateful
72061.png,not_hateful
72064.png,hateful
72084.png,not_hateful
72091.png,hateful
72093.png,not_hateful
72094.png,hateful
72095.png,not_hateful
72096.png,hateful
72130.png,not_hateful
72136.png,hateful
72145.png,not_hateful
72146.png,hateful
72150.png,not_hateful
72160.png,hateful
72163.png,not_hateful
72164.png,hateful
72168.png,not_hateful
72193.png,hateful
72194.png,not_hateful
72195.png,hateful
72198.png,not_hateful
72301.png,hateful
72305.png,not_hateful
72306.png,hateful
72309.png,not_hateful
72310.png,hateful
72318.png,not_hateful
72340.png,hateful
72345.png,not_hateful
72354.png,hateful
72356.png,not_hateful
72358.png,hateful
72360.png,not_hateful
72361.png,hateful
72364.png,not_hateful
72369.png,hateful
72380.png,not_hateful
72386.png,hateful
72390.png,not_hateful
72396.png,hateful
72398.png,not_hateful
72401.png,hateful
72406.png,not_hateful
72408.png,hateful
72409.png,not_hateful
72413.png,hateful
72415.png,not_hateful
72418.png,hateful
72419.png,not_hateful
72430.png,hateful
72431.png,not_hateful
72450.png,hateful
72451.png,not_hateful
72456.png,hateful
72459.png,not_hateful
72461.png,hateful
72469.png,not_hateful
72481.png,hateful
72486.png,not_hateful
72489.png,hateful
72490.png,not_hateful
72491.png,hateful
72504.png,not_hateful
72506.png,hateful
72508.png,not_hateful
72509.png,hateful
72510.png,not_hateful
72514.png,hateful
72519.png,not_hateful
72531.png,hateful
72536.png,not_hateful
72541.png,hateful
72561.png,not_hateful
72563.png,hateful
72580.png,not_hateful
72584.png,hateful
72591.png,not_hateful
72594.png,hateful
72598.png,not_hateful
72604.png,hateful
72605.png,not_hateful
72608.png,hateful
72609.png,not_hateful
72610.png,hateful
72618.png,not_hateful
72619.png,hateful
72634.png,not_hateful
72638.png,hateful
72640.png,not_hateful
72641.png,hateful
72645.png,not_hateful
72649.png,hateful
72654.png,not_hateful
72658.png,hateful
72680.png,not_hateful
72684.png,hateful
72685.png,not_hateful
72689.png,hateful
72698.png,not_hateful
72801.png,hateful
72805.png,not_hateful
72810.png,hateful
72814.png,not_hateful
72816.png,hateful
72819.png,not_hateful
72830.png,hateful
72834.png,not_hateful
72839.png,hateful
72850.png,not_hateful
72851.png,hateful
72854.png,not_hateful
72864.png,hateful
72891.png,not_hateful
72893.png,hateful
72901.png,not_hateful
72903.png,hateful
72904.png,not_hateful
72910.png,hateful
72914.png,not_hateful
72915.png,hateful
72936.png,not_hateful
72940.png,hateful
72941.png,not_hateful
72945.png,hateful
72946.png,not_hateful
72948.png,hateful
72951.png,not_hateful
72956.png,hateful
72958.png,not_hateful
72961.png,hateful
72964.png,not_hateful
72965.png,hateful
72968.png,not_hateful
72980.png,hateful
72981.png,not_hateful
72984.png,hateful
73021.png,not_hateful
73026.png,hateful
73028.png,not_hateful
73045.png,hateful
73049.png,not_hateful
73054.png,hateful
73056.png,not_hateful
73059.png,hateful
73068.png,not_hateful
73069.png,hateful
73082.png,not_hateful
73091.png,hateful
73092.png,not_hateful
73104.png,hateful
73105.png,not_hateful
73125.png,hateful
73128.png,not_hateful
73129.png,hateful
73140.png,not_hateful
73146.png,hateful
73152.png,not_hateful
73154.png,hateful
73159.png,not_hateful
73160.png,hateful
73162.png,not_hateful
73164.png,hateful
73168.png,not_hateful
73180.png,hateful
73192.png,not_hateful
73198.png,hateful
73204.png,not_hateful
73205.png,hateful
73206.png,not_hateful
73218.png,hateful
73219.png,not_hateful
73241.png,hateful
73248.png,not_hateful
73250.png,hateful
73251.png,not_hateful
73254.png,hateful
73256.png,not_hateful
73258.png,hateful
73259.png,not_hateful
73286.png,hateful
73406.png,not_hateful
73416.png,hateful
73421.png,not_hateful
73426.png,hateful
73456.png,not_hateful
73465.png,hateful
73480.png,not_hateful
73482.png,hateful
73485.png,not_hateful
73489.png,hateful
73496.png,not_hateful
73498.png,hateful
73501.png,not_hateful
73506.png,hateful
73508.png,not_hateful
73514.png,hateful
73516.png,not_hateful
73518.png,hateful
73520.png,not_hateful
73526.png,hateful
73546.png,not_hateful
73549.png,hateful
73561.png,not_hateful
73562.png,hateful
73568.png,not_hateful
73581.png,hateful
73592.png,not_hateful
73596.png,hateful
73598.png,not_hateful
73601.png,hateful
73604.png,not_hateful
73605.png,hateful
73608.png,not_hateful
73609.png,hateful
73612.png,not_hateful
73615.png,hateful
73619.png,not_hateful
73620.png,hateful
73652.png,not_hateful
73659.png,hateful
73680.png,not_hateful
73681.png,hateful
73689.png,not_hateful
73690.png,hateful
73802.png,not_hateful
73806.png,hateful
73810.png,not_hateful
73814.png,hateful
73816.png,not_hateful
73819.png,hateful
73820.png,not_hateful
73825.png,hateful
73841.png,not_hateful
73842.png,hateful
73846.png,not_hateful
73849.png,hateful
73851.png,not_hateful
73910.png,hateful
73914.png,not_hateful
73916.png,hateful
73924.png,not_hateful
73926.png,hateful
73945.png,not_hateful
73956.png,hateful
73962.png,not_hateful
73964.png,hateful
73965.png,not_hateful
73980.png,hateful
73981.png,not_hateful
73982.png,hateful
73984.png,not_hateful
73986.png,hateful
74013.png,not_hateful
74016.png,hateful
74019.png,not_hateful
74021.png,hateful
74025.png,not_hateful
74029.png,hateful
74031.png,not_hateful
74038.png,hateful
74039.png,not_hateful
74053.png,hateful
74058.png,not_hateful
74059.png,hateful
74061.png,not_hateful
74062.png,hateful
74069.png,not_hateful
74083.png,hateful
74091.png,not_hateful
74096.png,hateful
74098.png,not_hateful
74103.png,hateful
74105.png,not_hateful
74126.png,hateful
74132.png,not_hateful
74150.png,hateful
74152.png,not_hateful
74158.png,hateful
74183.png,not_hateful
74190.png,hateful
74192.png,not_hateful
74198.png,hateful
74203.png,not_hateful
74205.png,hateful
74206.png,not_hateful
74209.png,hateful
74215.png,not_hateful
74218.png,hateful
74230.png,not_hateful
74235.png,hateful
74236.png,not_hateful
74238.png,hateful
74250.png,not_hateful
74253.png,hateful
74259.png,not_hateful
74261.png,hateful
74265.png,not_hateful
74268.png,hateful
74281.png,not_hateful
74286.png,hateful
74298.png,not_hateful
74302.png,hateful
74308.png,not_hateful
74310.png,hateful
74312.png,not_hateful
74315.png,hateful
74318.png,not_hateful
74326.png,hateful
74350.png,not_hateful
74351.png,hateful
74352.png,not_hateful
74356.png,hateful
74358.png,not_hateful
74359.png,hateful
74361.png,not_hateful
74362.png,hateful
74365.png,not_hateful
74368.png,hateful
74380.png,not_hateful
74385.png,hateful
74386.png,not_hateful
74390.png,hateful
74391.png,not_hateful
74396.png,hateful
74502.png,not_hateful
74508.png,hateful
74509.png,not_hateful
74513.png,hateful
74520.png,not_hateful
74521.png,hateful
74530.png,not_hateful
74531.png,hateful
74536.png,not_hateful
74562.png,hateful
74563.png,not_hateful
74580.png,hateful
74583.png,not_hateful
74589.png,hateful
74598.png,not_hateful
74602.png,hateful
74608.png,not_hateful
74609.png,hateful
74612.png,not_hateful
74615.png,hateful
74619.png,not_hateful
74621.png,hateful
74625.png,not_hateful
74630.png,hateful
74631.png,not_hateful
74650.png,hateful
74652.png,not_hateful
74658.png,hateful
74801.png,not_hateful
74802.png,hateful
74805.png,not_hateful
74810.png,hateful
74813.png,not_hateful
74825.png,hateful
74832.png,not_hateful
74839.png,hateful
74861.png,not_hateful
74862.png,hateful
74863.png,not_hateful
74890.png,hateful
74892.png,not_hateful
74895.png,hateful
74896.png,not_hateful
74901.png,hateful
74906.png,not_hateful
74908.png,hateful
74910.png,not_hateful
74912.png,hateful
74913.png,not_hateful
74915.png,hateful
74920.png,not_hateful
74923.png,hateful
74930.png,not_hateful
74951.png,hateful
74953.png,not_hateful
74956.png,hateful
74963.png,not_hateful
74965.png,hateful
74968.png,not_hateful
75014.png,hateful
75016.png,not_hateful
75018.png,hateful
75021.png,not_hateful
75023.png,hateful
75026.png,not_hateful
75028.png,hateful
75031.png,not_hateful
75036.png,hateful
75039.png,not_hateful
75041.png,hateful
75046.png,not_hateful
75048.png,hateful
75063.png,not_hateful
75068.png,hateful
75081.png,not_hateful
75082.png,hateful
75084.png,not_hateful
75086.png,hateful
75089.png,not_hateful
75092.png,hateful
75096.png,not_hateful
75098.png,hateful
75102.png,not_hateful
75104.png,hateful
75106.png,not_hateful
75108.png,hateful
75123.png,not_hateful
75128.png,hateful
75130.png,not_hateful
75132.png,hateful
75134.png,not_hateful
75136.png,hateful
75138.png,not_hateful
75139.png,hateful
75142.png,not_hateful
75146.png,hateful
75160.png,not_hateful
75163.png,hateful
75182.png,not_hateful
75183.png,hateful
75186.png,not_hateful
75192.png,hateful
75193.png,not_hateful
75198.png,hateful
75203.png,not_hateful
75204.png,hateful
75209.png,not_hateful
75210.png,hateful
75216.png,not_hateful
75230.png,hateful
75231.png,not_hateful
75234.png,hateful
75239.png,not_hateful
75240.png,hateful
75241.png,not_hateful
75246.png,hateful
75260.png,not_hateful
75269.png,hateful
75280.png,not_hateful
75286.png,hateful
75290.png,not_hateful
75291.png,hateful
75294.png,not_hateful
75298.png,hateful
75304.png,not_hateful
75308.png,hateful
75310.png,not_hateful
75319.png,hateful
75320.png,not_hateful
75321.png,hateful
75340.png,not_hateful
75349.png,hateful
75360.png,not_hateful
75362.png,hateful
75380.png,not_hateful
75381.png,hateful
75382.png,not_hateful
75392.png,hateful
75396.png,not_hateful
75402.png,hateful
75403.png,not_hateful
75406.png,hateful
75408.png,not_hateful
75410.png,hateful
75416.png,not_hateful
75418.png,hateful
75420.png,not_hateful
75421.png,hateful
75428.png,not_hateful
75430.png,hateful
75431.png,not_hateful
75432.png,hateful
75438.png,not_hateful
75439.png,hateful
75461.png,not_hateful
75462.png,hateful
75468.png,not_hateful
75469.png,hateful
75481.png,not_hateful
75482.png,hateful
75492.png,not_hateful
75493.png,hateful
75496.png,not_hateful
75498.png,hateful
75601.png,not_hateful
75602.png,hateful
75603.png,not_hateful
75608.png,hateful
75609.png,not_hateful
75613.png,hateful
75614.png,not_hateful
75618.png,hateful
75624.png,not_hateful
75629.png,hateful
75631.png,not_hateful
75639.png,hateful
75642.png,not_hateful
75648.png,hateful
75649.png,not_hateful
75680.png,hateful
75682.png,not_hateful
75693.png,hateful
75698.png,not_hateful
75801.png,hateful
75806.png,not_hateful
75810.png,hateful
75816.png,not_hateful
75820.png,hateful
75821.png,not_hateful
75823.png,hateful
75829.png,not_hateful
75832.png,hateful
75839.png,not_hateful
75840.png,hateful
75841.png,not_hateful
75846.png,hateful
75892.png,not_hateful
75894.png,hateful
75908.png,not_hateful
75910.png,hateful
75912.png,not_hateful
75918.png,hateful
75920.png,not_hateful
75921.png,hateful
75923.png,not_hateful
75926.png,hateful
75928.png,not_hateful
75931.png,hateful
75934.png,not_hateful
75940.png,hateful
75941.png,not_hateful
75943.png,hateful
75960.png,not_hateful
75962.png,hateful
75981.png,not_hateful
75984.png,hateful
76012.png,not_hateful
76015.png,hateful
76019.png,not_hateful
76021.png,hateful
76023.png,not_hateful
76032.png,hateful
76034.png,not_hateful
76035.png,hateful
76038.png,not_hateful
76045.png,hateful
76083.png,not_hateful
76091.png,hateful
76092.png,not_hateful
76093.png,hateful
76094.png,not_hateful
76095.png,hateful
76098.png,not_hateful
76103.png,hateful
76104.png,not_hateful
76108.png,hateful
76120.png,not_hateful
76132.png,hateful
76134.png,not_hateful
76138.png,hateful
76139.png,not_hateful
76140.png,hateful
76142.png,not_hateful
76143.png,hateful
76145.png,not_hateful
76148.png,hateful
76152.png,not_hateful
76158.png,hateful
76180.png,not_hateful
76183.png,hateful
76208.png,not_hateful
76213.png,hateful
76214.png,not_hateful
76219.png,hateful
76239.png,not_hateful
76243.png,hateful
76249.png,not_hateful
76250.png,hateful
76253.png,not_hateful
76254.png,hateful
76258.png,not_hateful
76259.png,hateful
76283.png,not_hateful
76285.png,hateful
76293.png,not_hateful
76295.png,hateful
76298.png,not_hateful
76305.png,hateful
76320.png,not_hateful
76321.png,hateful
76328.png,not_hateful
76341.png,hateful
76342.png,not_hateful
76348.png,hateful
76351.png,not_hateful
76354.png,hateful
76358.png,not_hateful
76359.png,hateful
76381.png,not_hateful
76398.png,hateful
76402.png,not_hateful
76405.png,hateful
76408.png,not_hateful
76415.png,hateful
76419.png,not_hateful
76421.png,hateful
76423.png,not_hateful
76429.png,hateful
76431.png,not_hateful
76432.png,hateful
76435.png,not_hateful
76450.png,hateful
76458.png,not_hateful
76459.png,hateful
76483.png,not_hateful
76489.png,hateful
76490.png,not_hateful
76491.png,hateful
76492.png,not_hateful
76495.png,hateful
76498.png,not_hateful
76510.png,hateful
76519.png,not_hateful
76521.png,hateful
76524.png,not_hateful
76528.png,hateful
76532.png,not_hateful
76534.png,hateful
76538.png,not_hateful
76539.png,hateful
76540.png,not_hateful
76542.png,hateful
76548.png,not_hateful
76549.png,hateful
76581.png,not_hateful
76582.png,hateful
76583.png,not_hateful
76584.png,hateful
76592.png,not_hateful
76598.png,hateful
76803.png,not_hateful
76809.png,hateful
76810.png,not_hateful
76814.png,hateful
76815.png,not_hateful
76819.png,hateful
76821.png,not_hateful
76824.png,hateful
76825.png,not_hateful
76830.png,hateful
76840.png,not_hateful
76842.png,hateful
76843.png,not_hateful
76850.png,hateful
76851.png,not_hateful
76853.png,hateful
76854.png,not_hateful
76890.png,hateful
76892.png,not_hateful
76894.png,hateful
76910.png,not_hateful
76913.png,hateful
76914.png,not_hateful
76920.png,hateful
76921.png,not_hateful
76923.png,hateful
76924.png,not_hateful
76931.png,hateful
76932.png,not_hateful
76938.png,hateful
76942.png,not_hateful
76945.png,hateful
76950.png,not_hateful
76951.png,hateful
76952.png,not_hateful
76953.png,hateful
76980.png,not_hateful
76984.png,hateful
78014.png,not_hateful
78015.png,hateful
78016.png,not_hateful
78021.png,hateful
78023.png,not_hateful
78026.png,hateful
78031.png,not_hateful
78034.png,hateful
78035.png,not_hateful
78036.png,hateful
78039.png,not_hateful
78042.png,hateful
78052.png,not_hateful
78054.png,hateful
78062.png,not_hateful
78064.png,hateful
78069.png,not_hateful
78091.png,hateful
78092.png,not_hateful
78093.png,hateful
78094.png,not_hateful
78095.png,hateful
78096.png,not_hateful
78104.png,hateful
78124.png,not_hateful
78125.png,hateful
78132.png,not_hateful
78134.png,hateful
78139.png,not_hateful
78146.png,hateful
78152.png,not_hateful
78156.png,hateful
78163.png,not_hateful
78164.png,hateful
78169.png,not_hateful
78190.png,hateful
78192.png,not_hateful
78205.png,hateful
78206.png,not_hateful
78214.png,hateful
78215.png,not_hateful
78219.png,hateful
78231.png,not_hateful
78236.png,hateful
78239.png,not_hateful
78240.png,hateful
78243.png,not_hateful
78251.png,hateful
78259.png,not_hateful
78260.png,hateful
78263.png,not_hateful
78293.png,hateful
78294.png,not_hateful
78296.png,hateful
78302.png,not_hateful
78304.png,hateful
78306.png,not_hateful
78314.png,hateful
78315.png,not_hateful
78321.png,hateful
78325.png,not_hateful
78345.png,hateful
78351.png,not_hateful
78365.png,hateful
78394.png,not_hateful
78395.png,hateful
78401.png,not_hateful
78402.png,hateful
78405.png,not_hateful
78406.png,hateful
78409.png,not_hateful
78420.png,hateful
78429.png,not_hateful
78450.png,hateful
78452.png,not_hateful
78459.png,hateful
78462.png,not_hateful
78465.png,hateful
78469.png,not_hateful
78492.png,hateful
78493.png,not_hateful
78495.png,hateful
78502.png,not_hateful
78509.png,hateful
78513.png,not_hateful
78520.png,hateful
78532.png,not_hateful
78534.png,hateful
78539.png,not_hateful
78541.png,hateful
78542.png,not_hateful
78560.png,hateful
78563.png,not_hateful
78564.png,hateful
78591.png,not_hateful
78592.png,hateful
78594.png,not_hateful
78610.png,hateful
78612.png,not_hateful
78613.png,hateful
78614.png,not_hateful
78619.png,hateful
78623.png,not_hateful
78624.png,hateful
78631.png,not_hateful
78634.png,hateful
78639.png,not_hateful
78642.png,hateful
78643.png,not_hateful
78650.png,hateful
78652.png,not_hateful
78659.png,hateful
78693.png,not_hateful
78902.png,hateful
78903.png,not_hateful
78904.png,hateful
78906.png,not_hateful
78913.png,hateful
78914.png,not_hateful
78915.png,hateful
78921.png,not_hateful
78923.png,hateful
78924.png,not_hateful
78925.png,hateful
78930.png,not_hateful
78931.png,hateful
78936.png,not_hateful
78945.png,hateful
78946.png,not_hateful
78953.png,hateful
78956.png,not_hateful
78960.png,hateful
78962.png,not_hateful
78964.png,hateful
78965.png,not_hateful
79012.png,hateful
79014.png,not_hateful
79018.png,hateful
79024.png,not_hateful
79031.png,hateful
79032.png,not_hateful
79036.png,hateful
79042.png,not_hateful
79043.png,hateful
79045.png,not_hateful
79053.png,hateful
79054.png,not_hateful
79062.png,hateful
79068.png,not_hateful
79081.png,hateful
79084.png,not_hateful
79085.png,hateful
79103.png,not_hateful
79104.png,hateful
79105.png,not_hateful
79124.png,hateful
79125.png,not_hateful
79128.png,hateful
79132.png,not_hateful
79134.png,hateful
79138.png,not_hateful
79140.png,hateful
79142.png,not_hateful
79146.png,hateful
79150.png,not_hateful
79152.png,hateful
79160.png,not_hateful
79162.png,hateful
79165.png,not_hateful
79168.png,hateful
79182.png,not_hateful
79185.png,hateful
79205.png,not_hateful
79218.png,hateful
79230.png,not_hateful
79234.png,hateful
79243.png,not_hateful
79250.png,hateful
79256.png,not_hateful
79258.png,hateful
79280.png,not_hateful
79285.png,hateful
79286.png,not_hateful
79302.png,hateful
79305.png,not_hateful
79312.png,hateful
79314.png,not_hateful
79315.png,hateful
79316.png,not_hateful
79321.png,hateful
79325.png,not_hateful
79328.png,hateful
79340.png,not_hateful
79346.png,hateful
79348.png,not_hateful
79351.png,hateful
79352.png,not_hateful
79358.png,hateful
79368.png,not_hateful
79384.png,hateful
79385.png,not_hateful
79386.png,hateful
79405.png,not_hateful
79406.png,hateful
79413.png,not_hateful
79423.png,hateful
79425.png,not_hateful
79426.png,hateful
79428.png,not_hateful
79432.png,hateful
79435.png,not_hateful
79451.png,hateful
79452.png,not_hateful
79461.png,hateful
79463.png,not_hateful
79465.png,hateful
79485.png,not_hateful
79504.png,hateful
79512.png,not_hateful
79516.png,hateful
79524.png,not_hateful
79531.png,hateful
79562.png,not_hateful
79568.png,hateful
79581.png,not_hateful
79584.png,hateful
79586.png,not_hateful
79603.png,hateful
79605.png,not_hateful
79608.png,hateful
79610.png,not_hateful
79612.png,hateful
79613.png,not_hateful
79614.png,hateful
79615.png,not_hateful
79623.png,hateful
79624.png,not_hateful
79625.png,hateful
79638.png,not_hateful
79641.png,hateful
79652.png,not_hateful
79658.png,hateful
79680.png,not_hateful
79681.png,hateful
79682.png,not_hateful
79803.png,hateful
79805.png,not_hateful
79806.png,hateful
79810.png,not_hateful
79815.png,hateful
79816.png,not_hateful
79823.png,hateful
79824.png,not_hateful
79825.png,hateful
79830.png,not_hateful
79832.png,hateful
79834.png,not_hateful
79843.png,hateful
79845.png,not_hateful
79846.png,hateful
79850.png,not_hateful
79853.png,hateful
79854.png,not_hateful
79856.png,hateful
79861.png,not_hateful
79864.png,hateful
79865.png,not_hateful
80123.png,hateful
80126.png,not_hateful
80134.png,hateful
80152.png,not_hateful
80153.png,hateful
80154.png,not_hateful
80156.png,hateful
80157.png,not_hateful
80162.png,hateful
80165.png,not_hateful
80169.png,hateful
80172.png,not_hateful
80173.png,hateful
80174.png,not_hateful
80179.png,hateful
80193.png,not_hateful
80195.png,hateful
80196.png,not_hateful
80197.png,hateful
80214.png,not_hateful
80216.png,hateful
80217.png,not_hateful
80231.png,hateful
80237.png,not_hateful
80239.png,hateful
80241.png,not_hateful
80243.png,hateful
80246.png,not_hateful
80247.png,hateful
80249.png,not_hateful
80251.png,hateful
80253.png,not_hateful
80254.png,hateful
80256.png,not_hateful
80259.png,hateful
80265.png,not_hateful
80269.png,hateful
80275.png,not_hateful
80276.png,hateful
80279.png,not_hateful
80297.png,hateful
80314.png,not_hateful
80316.png,hateful
80317.png,not_hateful
80319.png,hateful
80321.png,not_hateful
80324.png,hateful
80327.png,not_hateful
80341.png,hateful
80347.png,not_hateful
80356.png,hateful
80361.png,not_hateful
80365.png,hateful
80379.png,not_hateful
80392.png,hateful
80395.png,not_hateful
80397.png,hateful
80425.png,not_hateful
80426.png,hateful
80429.png,not_hateful
80436.png,hateful
80451.png,not_hateful
80453.png,hateful
80463.png,not_hateful
80473.png,hateful
80512.png,not_hateful
80513.png,hateful
80521.png,not_hateful
80524.png,hateful
80526.png,not_hateful
80532.png,hateful
80534.png,not_hateful
80536.png,hateful
80537.png,not_hateful
80539.png,hateful
80546.png,not_hateful
80567.png,hateful
80576.png,not_hateful
80591.png,hateful
80593.png,not_hateful
80597.png,hateful
80612.png,not_hateful
80613.png,hateful
80614.png,not_hateful
80615.png,hateful
80625.png,not_hateful
80627.png,hateful
80629.png,not_hateful
80631.png,hateful
80634.png,not_hateful
80649.png,hateful
80652.png,not_hateful
80653.png,hateful
80654.png,not_hateful
80672.png,hateful
80695.png,not_hateful
80713.png,hateful
80714.png,not_hateful
80724.png,hateful
80734.png,not_hateful
80735.png,hateful
80736.png,not_hateful
80742.png,hateful
80759.png,not_hateful
80764.png,hateful
80765.png,not_hateful
80769.png,hateful
80792.png,not_hateful
80912.png,hateful
80914.png,not_hateful
80915.png,hateful
80916.png,not_hateful
80921.png,hateful
80924.png,not_hateful
80925.png,hateful
80926.png,not_hateful
80927.png,hateful
80932.png,not_hateful
80935.png,hateful
80941.png,not_hateful
80942.png,hateful
80943.png,not_hateful
80945.png,hateful
80947.png,not_hateful
80954.png,hateful
80957.png,not_hateful
80965.png,hateful
80967.png,not_hateful
80971.png,hateful
80972.png,not_hateful
80974.png,hateful
80976.png,not_hateful
81026.png,hateful
81027.png,not_hateful
81035.png,hateful
81036.png,not_hateful
81043.png,hateful
81047.png,not_hateful
81054.png,hateful
81056.png,not_hateful
81059.png,hateful
81063.png,not_hateful
81064.png,hateful
81067.png,not_hateful
81069.png,hateful
81075.png,not_hateful
81079.png,hateful
81092.png,not_hateful
81093.png,hateful
81094.png,not_hateful
81095.png,hateful
81096.png,not_hateful
81097.png,hateful
81203.png,not_hateful
81205.png,hateful
81206.png,not_hateful
81207.png,hateful
81239.png,not_hateful
81243.png,hateful
81245.png,not_hateful
81249.png,hateful
81250.png,not_hateful
81254.png,hateful
81256.png,not_hateful
81257.png,hateful
81259.png,not_hateful
81260.png,hateful
81263.png,not_hateful
81265.png,hateful
81273.png,not_hateful
81276.png,hateful
81279.png,not_hateful
81293.png,hateful
81294.png,not_hateful
81295.png,hateful
81296.png,not_hateful
81304.png,hateful
81305.png,not_hateful
81309.png,hateful
81320.png,not_hateful
81329.png,hateful
81349.png,not_hateful
81359.png,hateful
81365.png,not_hateful
81370.png,hateful
81374.png,not_hateful
81379.png,hateful
81390.png,not_hateful
81394.png,hateful
81395.png,not_hateful
81403.png,hateful
81409.png,not_hateful
81423.png,hateful
81436.png,not_hateful
81439.png,hateful
81450.png,not_hateful
81457.png,hateful
81460.png,not_hateful
81467.png,hateful
81496.png,not_hateful
81497.png,hateful
81509.png,not_hateful
81523.png,hateful
81527.png,not_hateful
81529.png,hateful
81532.png,not_hateful
81536.png,hateful
81540.png,not_hateful
81546.png,hateful
81549.png,not_hateful
81576.png,hateful
81579.png,not_hateful
81602.png,hateful
81603.png,not_hateful
81604.png,hateful
81605.png,not_hateful
81624.png,hateful
81625.png,not_hateful
81630.png,hateful
81642.png,not_hateful
81645.png,hateful
81647.png,not_hateful
81673.png,hateful
81675.png,not_hateful
81679.png,hateful
81690.png,not_hateful
81692.png,hateful
81705.png,not_hateful
81706.png,hateful
81720.png,not_hateful
81724.png,hateful
81734.png,not_hateful
81746.png,hateful
81752.png,not_hateful
81759.png,hateful
81760.png,not_hateful
81764.png,hateful
81792.png,not_hateful
81902.png,hateful
81904.png,not_hateful
81926.png,hateful
81930.png,not_hateful
81932.png,hateful
81934.png,not_hateful
81940.png,hateful
81942.png,not_hateful
81943.png,hateful
81946.png,not_hateful
81947.png,hateful
81950.png,not_hateful
81953.png,hateful
81956.png,not_hateful
81962.png,hateful
81963.png,not_hateful
81964.png,hateful
81970.png,not_hateful
81972.png,hateful
81975.png,not_hateful
81976.png,hateful
82014.png,not_hateful
82016.png,hateful
82037.png,not_hateful
82039.png,hateful
82043.png,not_hateful
82045.png,hateful
82054.png,not_hateful
82057.png,hateful
82076.png,not_hateful
82079.png,hateful
82094.png,not_hateful
82097.png,hateful
82104.png,not_hateful
82134.png,hateful
82137.png,not_hateful
82139.png,hateful
82143.png,not_hateful
82150.png,hateful
82154.png,not_hateful
82156.png,hateful
82159.png,not_hateful
82163.png,hateful
82165.png,not_hateful
82169.png,hateful
82179.png,not_hateful
82190.png,hateful
82193.png,not_hateful
82195.png,hateful
82197.png,not_hateful
82301.png,hateful
82310.png,not_hateful
82316.png,hateful
82346.png,not_hateful
82356.png,hateful
82359.png,not_hateful
82360.png,hateful
82367.png,not_hateful
82369.png,hateful
82379.png,not_hateful
82396.png,hateful
82403.png,not_hateful
82406.png,hateful
82413.png,not_hateful
82419.png,hateful
82436.png,not_hateful
82437.png,hateful
82450.png,not_hateful
82451.png,hateful
82453.png,not_hateful
82457.png,hateful
82459.png,not_hateful
82460.png,hateful
82461.png,not_hateful
82469.png,hateful
82473.png,not_hateful
82476.png,hateful
82501.png,not_hateful
82503.png,hateful
82507.png,not_hateful
82509.png,hateful
82510.png,not_hateful
82531.png,hateful
82537.png,not_hateful
82539.png,hateful
82540.png,not_hateful
82541.png,hateful
82547.png,not_hateful
82549.png,hateful
82563.png,not_hateful
82574.png,hateful
82590.png,not_hateful
82591.png,hateful
82593.png,not_hateful
82596.png,hateful
82603.png,not_hateful
82604.png,hateful
82609.png,not_hateful
82630.png,hateful
82631.png,not_hateful
82635.png,hateful
82637.png,not_hateful
82647.png,hateful
82651.png,not_hateful
82657.png,hateful
82673.png,not_hateful
82674.png,hateful
82675.png,not_hateful
82679.png,hateful
82693.png,not_hateful
82697.png,hateful
82701.png,not_hateful
82704.png,hateful
82705.png,not_hateful
82713.png,hateful
82714.png,not_hateful
82716.png,hateful
82719.png,not_hateful
82730.png,hateful
82731.png,not_hateful
82736.png,hateful
82740.png,not_hateful
82743.png,hateful
82749.png,not_hateful
82756.png,hateful
82760.png,not_hateful
82761.png,hateful
82763.png,not_hateful
82765.png,hateful
82793.png,not_hateful
82794.png,hateful
82903.png,not_hateful
82914.png,hateful
82916.png,not_hateful
82940.png,hateful
82941.png,not_hateful
82943.png,hateful
82945.png,not_hateful
82946.png,hateful
82947.png,not_hateful
82950.png,hateful
82960.png,not_hateful
82963.png,hateful
82964.png,not_hateful
82973.png,hateful
83014.png,not_hateful
83016.png,hateful
83024.png,not_hateful
83025.png,hateful
83029.png,not_hateful
83045.png,hateful
83046.png,not_hateful
83052.png,hateful
83056.png,not_hateful
83059.png,hateful
83061.png,not_hateful
83064.png,hateful
83074.png,not_hateful
83076.png,hateful
83091.png,not_hateful
83095.png,hateful
83096.png,not_hateful
83106.png,hateful
83124.png,not_hateful
83125.png,hateful
83127.png,not_hateful
83140.png,hateful
83145.png,not_hateful
83150.png,hateful
83152.png,not_hateful
83170.png,hateful
83175.png,not_hateful
83201.png,hateful
83205.png,not_hateful
83206.png,hateful
83207.png,not_hateful
83215.png,hateful
83216.png,not_hateful
83219.png,hateful
83246.png,not_hateful
83256.png,hateful
83257.png,not_hateful
83259.png,hateful
83264.png,not_hateful
83271.png,hateful
83290.png,not_hateful
83294.png,hateful
83295.png,not_hateful
83296.png,hateful
83401.png,not_hateful
83402.png,hateful
83415.png,not_hateful
83421.png,hateful
83427.png,not_hateful
83429.png,hateful
83456.png,not_hateful
83461.png,hateful
83470.png,not_hateful
83476.png,hateful
83490.png,not_hateful
83492.png,hateful
83497.png,not_hateful
83504.png,hateful
83509.png,not_hateful
83510.png,hateful
83514.png,not_hateful
83517.png,hateful
83520.png,not_hateful
83527.png,hateful
83547.png,not_hateful
83549.png,hateful
83560.png,not_hateful
83567.png,hateful
83570.png,not_hateful
83571.png,hateful
83579.png,not_hateful
83591.png,hateful
83602.png,not_hateful
83607.png,hateful
83609.png,not_hateful
83615.png,hateful
83617.png,not_hateful
83619.png,hateful
83624.png,not_hateful
83649.png,hateful
83650.png,not_hateful
83651.png,hateful
83657.png,not_hateful
83670.png,hateful
83675.png,not_hateful
83692.png,hateful
83701.png,not_hateful
83704.png,hateful
83709.png,not_hateful
83719.png,hateful
83720.png,not_hateful
83726.png,hateful
83740.png,not_hateful
83745.png,hateful
83754.png,not_hateful
83756.png,hateful
83760.png,not_hateful
83764.png,hateful
83765.png,not_hateful
83794.png,hateful
83901.png,not_hateful
83905.png,hateful
83907.png,not_hateful
83914.png,hateful
83916.png,not_hateful
83920.png,hateful
83921.png,not_hateful
83924.png,hateful
83925.png,not_hateful
83927.png,hateful
83941.png,not_hateful
83942.png,hateful
83946.png,not_hateful
83947.png,hateful
83954.png,not_hateful
83957.png,hateful
83960.png,not_hateful
83964.png,hateful
83965.png,not_hateful
83972.png,hateful
83976.png,not_hateful
84013.png,hateful
84015.png,not_hateful
84016.png,hateful
84017.png,not_hateful
84021.png,hateful
84032.png,not_hateful
84036.png,hateful
84052.png,not_hateful
84057.png,hateful
84059.png,not_hateful
84061.png,hateful
84069.png,not_hateful
84072.png,hateful
84076.png,not_hateful
84091.png,hateful
84092.png,not_hateful
84097.png,hateful
84102.png,not_hateful
84103.png,hateful
84106.png,not_hateful
84107.png,hateful
84120.png,not_hateful
84123.png,hateful
84125.png,not_hateful
84135.png,hateful
84150.png,not_hateful
84152.png,hateful
84153.png,not_hateful
84162.png,hateful
84169.png,not_hateful
84172.png,hateful
84176.png,not_hateful
84179.png,hateful
84192.png,not_hateful
84203.png,hateful
84209.png,not_hateful
84219.png,hateful
84236.png,not_hateful
84237.png,hateful
84265.png,not_hateful
84269.png,hateful
84270.png,not_hateful
84271.png,hateful
84273.png,not_hateful
84276.png,hateful
84291.png,not_hateful
84295.png,hateful
84297.png,not_hateful
84302.png,hateful
84305.png,not_hateful
84307.png,hateful
84316.png,not_hateful
84317.png,hateful
84321.png,not_hateful
84325.png,hateful
84327.png,not_hateful
84329.png,hateful
84351.png,not_hateful
84360.png,hateful
84361.png,not_hateful
84362.png,hateful
84370.png,not_hateful
84372.png,hateful
84379.png,not_hateful
84392.png,hateful
84395.png,not_hateful
84502.png,hateful
84510.png,not_hateful
84516.png,hateful
84517.png,not_hateful
84521.png,hateful
84523.png,not_hateful
84527.png,hateful
84531.png,not_hateful
84532.png,hateful
84536.png,not_hateful
84537.png,hateful
84563.png,not_hateful
84576.png,hateful
84592.png,not_hateful
84593.png,hateful
84596.png,not_hateful
84609.png,hateful
84619.png,not_hateful
84620.png,hateful
84627.png,not_hateful
84629.png,hateful
84639.png,not_hateful
84652.png,hateful
84653.png,not_hateful
84657.png,hateful
84670.png,not_hateful
84673.png,hateful
84692.png,not_hateful
84703.png,hateful
84709.png,not_hateful
84719.png,hateful
84720.png,not_hateful
84721.png,hateful
84729.png,not_hateful
84730.png,hateful
84732.png,not_hateful
84736.png,hateful
84750.png,not_hateful
84752.png,hateful
84756.png,not_hateful
84759.png,hateful
84762.png,not_hateful
84790.png,hateful
84793.png,not_hateful
84901.png,hateful
84903.png,not_hateful
84907.png,hateful
84910.png,not_hateful
84913.png,hateful
84916.png,not_hateful
84921.png,hateful
84926.png,not_hateful
84927.png,hateful
84951.png,not_hateful
84965.png,hateful
84970.png,not_hateful
84971.png,hateful
84973.png,not_hateful
85012.png,hateful
85023.png,not_hateful
85026.png,hateful
85034.png,not_hateful
85042.png,hateful
85061.png,not_hateful
85062.png,hateful
85067.png,not_hateful
85071.png,hateful
85072.png,not_hateful
85073.png,hateful
85092.png,not_hateful
85093.png,hateful
85094.png,not_hateful
85096.png,hateful
85097.png,not_hateful
85104.png,hateful
85107.png,not_hateful
85126.png,hateful
85129.png,not_hateful
85132.png,hateful
85136.png,not_hateful
85139.png,hateful
85146.png,not_hateful
85147.png,hateful
85167.png,not_hateful
85172.png,hateful
85173.png,not_hateful
85190.png,hateful
85192.png,not_hateful
85196.png,hateful
85204.png,not_hateful
85209.png,hateful
85213.png,not_hateful
85216.png,hateful
85219.png,not_hateful
85237.png,hateful
85239.png,not_hateful
85243.png,hateful
85261.png,not_hateful
85267.png,hateful
85269.png,not_hateful
85271.png,hateful
85274.png,not_hateful
85290.png,hateful
85291.png,not_hateful
85293.png,hateful
85306.png,not_hateful
85307.png,hateful
85310.png,not_hateful
85314.png,hateful
85316.png,not_hateful
85317.png,hateful
85324.png,not_hateful
85327.png,hateful
85329.png,not_hateful
85346.png,hateful
85361.png,not_hateful
85362.png,hateful
85369.png,not_hateful
85371.png,hateful
85379.png,not_hateful
85392.png,hateful
85394.png,not_hateful
85406.png,hateful
85409.png,not_hateful
85410.png,hateful
85413.png,not_hateful
85417.png,hateful
85420.png,not_hateful
85421.png,hateful
85426.png,not_hateful
85429.png,hateful
85439.png,not_hateful
85461.png,hateful
85471.png,not_hateful
85472.png,hateful
85473.png,not_hateful
85476.png,hateful
85492.png,not_hateful
85496.png,hateful
85601.png,not_hateful
85612.png,hateful
85614.png,not_hateful
85621.png,hateful
85630.png,not_hateful
85642.png,hateful
85670.png,not_hateful
85679.png,hateful
85690.png,not_hateful
85704.png,hateful
85709.png,not_hateful
85710.png,hateful
85714.png,not_hateful
85716.png,hateful
85721.png,not_hateful
85729.png,hateful
85730.png,not_hateful
85740.png,hateful
85741.png,not_hateful
85743.png,hateful
85746.png,not_hateful
85749.png,hateful
85761.png,not_hateful
85764.png,hateful
85790.png,not_hateful
85793.png,hateful
85796.png,not_hateful
85901.png,hateful
85902.png,not_hateful
85912.png,hateful
85916.png,not_hateful
85920.png,hateful
85923.png,not_hateful
85927.png,hateful
85930.png,not_hateful
85936.png,hateful
85941.png,not_hateful
85943.png,hateful
85947.png,not_hateful
85960.png,hateful
85964.png,not_hateful
85967.png,hateful
85970.png,not_hateful
85976.png,hateful
86013.png,not_hateful
86017.png,hateful
86021.png,not_hateful
86023.png,hateful
86024.png,not_hateful
86025.png,hateful
86031.png,not_hateful
86032.png,hateful
86035.png,not_hateful
86039.png,hateful
86041.png,not_hateful
86043.png,hateful
86045.png,not_hateful
86051.png,hateful
86052.png,not_hateful
86054.png,hateful
86059.png,not_hateful
86071.png,hateful
86072.png,not_hateful
86075.png,hateful
86103.png,not_hateful
86104.png,hateful
86123.png,not_hateful
86125.png,hateful
86127.png,not_hateful
86129.png,hateful
86135.png,not_hateful
86137.png,hateful
86139.png,not_hateful
86142.png,hateful
86143.png,not_hateful
86145.png,hateful
86159.png,not_hateful
86170.png,hateful
86172.png,not_hateful
86173.png,hateful
86175.png,not_hateful
86179.png,hateful
86193.png,not_hateful
86194.png,hateful
86195.png,not_hateful
86201.png,hateful
86203.png,not_hateful
86205.png,hateful
86207.png,not_hateful
86209.png,hateful
86215.png,not_hateful
86217.png,hateful
86231.png,not_hateful
86235.png,hateful
86237.png,not_hateful
86249.png,hateful
86250.png,not_hateful
86251.png,hateful
86253.png,not_hateful
86254.png,hateful
86257.png,not_hateful
86259.png,hateful
86271.png,not_hateful
86273.png,hateful
86293.png,not_hateful
86301.png,hateful
86302.png,not_hateful
86307.png,hateful
86309.png,not_hateful
86314.png,hateful
86320.png,not_hateful
86325.png,hateful
86329.png,not_hateful
86351.png,hateful
86354.png,not_hateful
86357.png,hateful
86372.png,not_hateful
86391.png,hateful
86394.png,not_hateful
86401.png,hateful
86405.png,not_hateful
86413.png,hateful
86417.png,not_hateful
86420.png,hateful
86423.png,not_hateful
86425.png,hateful
86430.png,not_hateful
86431.png,hateful
86437.png,not_hateful
86450.png,hateful
86451.png,not_hateful
86452.png,hateful
86453.png,not_hateful
86457.png,hateful
86471.png,not_hateful
86479.png,hateful
86490.png,not_hateful
86491.png,hateful
86502.png,not_hateful
86504.png,hateful
86509.png,not_hateful
86512.png,hateful
86514.png,not_hateful
86521.png,hateful
86529.png,not_hateful
86530.png,hateful
86540.png,not_hateful
86543.png,hateful
86572.png,not_hateful
86593.png,hateful
86594.png,not_hateful
86597.png,hateful
86701.png,not_hateful
86705.png,hateful
86713.png,not_hateful
86714.png,hateful
86725.png,not_hateful
86730.png,hateful
86741.png,not_hateful
86749.png,hateful
86750.png,not_hateful
86751.png,hateful
86753.png,not_hateful
86795.png,hateful
86904.png,not_hateful
86907.png,hateful
86910.png,not_hateful
86912.png,hateful
86914.png,not_hateful
86917.png,hateful
86920.png,not_hateful
86923.png,hateful
86925.png,not_hateful
86927.png,hateful
86930.png,not_hateful
86934.png,hateful
86947.png,not_hateful
86952.png,hateful
86954.png,not_hateful
86970.png,hateful
86974.png,not_hateful
87013.png,hateful
87016.png,not_hateful
87023.png,hateful
87024.png,not_hateful
87031.png,hateful
87034.png,not_hateful
87039.png,hateful
87043.png,not_hateful
87049.png,hateful
87052.png,not_hateful
87053.png,hateful
87054.png,not_hateful
87059.png,hateful
87061.png,not_hateful
87063.png,hateful
87064.png,not_hateful
87065.png,hateful
87094.png,not_hateful
87095.png,hateful
87096.png,not_hateful
87106.png,hateful
87120.png,not_hateful
87125.png,hateful
87126.png,not_hateful
87130.png,hateful
87136.png,not_hateful
87140.png,hateful
87146.png,not_hateful
87149.png,hateful
87156.png,not_hateful
87160.png,hateful
87165.png,not_hateful
87169.png,hateful
87190.png,not_hateful
87196.png,hateful
87203.png,not_hateful
87206.png,hateful
87209.png,not_hateful
87215.png,hateful
87219.png,not_hateful
87230.png,hateful
87234.png,not_hateful
87235.png,hateful
87236.png,not_hateful
87239.png,hateful
87241.png,not_hateful
87246.png,hateful
87251.png,not_hateful
87253.png,hateful
87260.png,not_hateful
87261.png,hateful
87263.png,not_hateful
87290.png,hateful
87296.png,not_hateful
87304.png,hateful
87309.png,not_hateful
87315.png,hateful
87320.png,not_hateful
87324.png,hateful
87326.png,not_hateful
87329.png,hateful
87340.png,not_hateful
87341.png,hateful
87345.png,not_hateful
87351.png,hateful
87352.png,not_hateful
87364.png,hateful
87365.png,not_hateful
87390.png,hateful
87391.png,not_hateful
87392.png,hateful
87401.png,not_hateful
87403.png,hateful
87406.png,not_hateful
87409.png,hateful
87412.png,not_hateful
87413.png,hateful
87416.png,not_hateful
87420.png,hateful
87425.png,not_hateful
87426.png,hateful
87429.png,not_hateful
87430.png,hateful
87432.png,not_hateful
87436.png,hateful
87451.png,not_hateful
87453.png,hateful
87461.png,not_hateful
87501.png,hateful
87504.png,not_hateful
87510.png,hateful
87513.png,not_hateful
87519.png,hateful
87520.png,not_hateful
87521.png,hateful
87523.png,not_hateful
87526.png,hateful
87530.png,not_hateful
87532.png,hateful
87539.png,not_hateful
87541.png,hateful
87543.png,not_hateful
87549.png,hateful
87563.png,not_hateful
87564.png,hateful
87592.png,not_hateful
87594.png,hateful
87596.png,not_hateful
87604.png,hateful
87610.png,not_hateful
87615.png,hateful
87619.png,not_hateful
87620.png,hateful
87621.png,not_hateful
87625.png,hateful
87634.png,not_hateful
87639.png,hateful
87645.png,not_hateful
87649.png,hateful
87654.png,not_hateful
87691.png,hateful
87692.png,not_hateful
87693.png,hateful
87695.png,not_hateful
87902.png,hateful
87903.png,not_hateful
87904.png,hateful
87905.png,not_hateful
87913.png,hateful
87914.png,not_hateful
87923.png,hateful
87924.png,not_hateful
87925.png,hateful
87934.png,not_hateful
87936.png,hateful
87941.png,not_hateful
87945.png,hateful
87946.png,not_hateful
87953.png,hateful
87954.png,not_hateful
87956.png,hateful
89014.png,not_hateful
89025.png,hateful
89026.png,not_hateful
89032.png,hateful
89034.png,not_hateful
89035.png,hateful
89042.png,not_hateful
89043.png,hateful
89047.png,not_hateful
89056.png,hateful
89061.png,not_hateful
89063.png,hateful
89067.png,not_hateful
89071.png,hateful
89072.png,not_hateful
89073.png,hateful
89076.png,not_hateful
89102.png,hateful
89104.png,not_hateful
89105.png,hateful
89106.png,not_hateful
89107.png,hateful
89123.png,not_hateful
89126.png,hateful
89136.png,not_hateful
89137.png,hateful
89140.png,not_hateful
89142.png,hateful
89146.png,not_hateful
89152.png,hateful
89153.png,not_hateful
89154.png,hateful
89156.png,not_hateful
89160.png,hateful
89162.png,not_hateful
89165.png,hateful
89170.png,not_hateful
89173.png,hateful
89206.png,not_hateful
89216.png,hateful
89230.png,not_hateful
89236.png,hateful
89241.png,not_hateful
89245.png,hateful
89250.png,not_hateful
89251.png,hateful
89263.png,not_hateful
89264.png,hateful
89267.png,not_hateful
89275.png,hateful
89302.png,not_hateful
89306.png,hateful
89307.png,not_hateful
89314.png,hateful
89317.png,not_hateful
89320.png,hateful
89324.png,not_hateful
89325.png,hateful
89326.png,not_hateful
89342.png,hateful
89345.png,not_hateful
89350.png,hateful
89351.png,not_hateful
89356.png,hateful
89360.png,not_hateful
89362.png,hateful
89367.png,not_hateful
89371.png,hateful
89372.png,not_hateful
89375.png,hateful
89403.png,not_hateful
89406.png,hateful
89407.png,not_hateful
89412.png,hateful
89417.png,not_hateful
89421.png,hateful
89423.png,not_hateful
89425.png,hateful
89430.png,not_hateful
89432.png,hateful
89435.png,not_hateful
89436.png,hateful
89437.png,not_hateful
89450.png,hateful
89461.png,not_hateful
89465.png,hateful
89471.png,not_hateful
89473.png,hateful
89475.png,not_hateful
89476.png,hateful
89503.png,not_hateful
89504.png,hateful
89507.png,not_hateful
89512.png,hateful
89517.png,not_hateful
89521.png,hateful
89523.png,not_hateful
89526.png,hateful
89527.png,not_hateful
89532.png,hateful
89534.png,not_hateful
89536.png,hateful
89540.png,not_hateful
89541.png,hateful
89542.png,not_hateful
89543.png,hateful
89561.png,not_hateful
89567.png,hateful
89571.png,not_hateful
89573.png,hateful
89574.png,not_hateful
89602.png,hateful
89603.png,not_hateful
89607.png,hateful
89610.png,not_hateful
89612.png,hateful
89613.png,not_hateful
89615.png,hateful
89617.png,not_hateful
89621.png,hateful
89624.png,not_hateful
89632.png,hateful
89634.png,not_hateful
89640.png,hateful
89642.png,not_hateful
89647.png,hateful
89657.png,not_hateful
89673.png,hateful
89675.png,not_hateful
89701.png,hateful
89723.png,not_hateful
89726.png,hateful
89732.png,not_hateful
89740.png,hateful
89741.png,not_hateful
89743.png,hateful
89745.png,not_hateful
89750.png,hateful
89754.png,not_hateful
89756.png,hateful
89761.png,not_hateful
89762.png,hateful
89764.png,not_hateful
89765.png,hateful
90125.png,not_hateful
90126.png,hateful
90127.png,not_hateful
90128.png,hateful
90132.png,not_hateful
90136.png,hateful
90138.png,not_hateful
90143.png,hateful
90145.png,not_hateful
90146.png,hateful
90148.png,not_hateful
90158.png,hateful
90162.png,not_hateful
90163.png,hateful
90165.png,not_hateful
90173.png,hateful
90175.png,not_hateful
90178.png,hateful
90183.png,not_hateful
90185.png,hateful
90186.png,not_hateful
90187.png,hateful
90214.png,not_hateful
90235.png,hateful
90236.png,not_hateful
90243.png,hateful
90247.png,not_hateful
90251.png,hateful
90256.png,not_hateful
90257.png,hateful
90263.png,not_hateful
90267.png,hateful
90274.png,not_hateful
90275.png,hateful
90276.png,not_hateful
90278.png,hateful
90283.png,not_hateful
90285.png,hateful
90286.png,not_hateful
90315.png,hateful
90318.png,not_hateful
90321.png,hateful
90326.png,not_hateful
90342.png,hateful
90345.png,not_hateful
90351.png,hateful
90352.png,not_hateful
90362.png,hateful
90365.png,not_hateful
90367.png,hateful
90378.png,not_hateful
90382.png,hateful
90386.png,not_hateful
90413.png,hateful
90417.png,not_hateful
90427.png,hateful
90451.png,not_hateful
90461.png,hateful
90463.png,not_hateful
90465.png,hateful
90468.png,not_hateful
90471.png,hateful
90481.png,not_hateful
90483.png,hateful
90512.png,not_hateful
90513.png,hateful
90516.png,not_hateful
90524.png,hateful
90531.png,not_hateful
90534.png,hateful
90538.png,not_hateful
90541.png,hateful
90564.png,not_hateful
90568.png,hateful
90572.png,not_hateful
90573.png,hateful
90574.png,not_hateful
90576.png,hateful
90582.png,not_hateful
90583.png,hateful
90586.png,not_hateful
90587.png,hateful
90612.png,not_hateful
90614.png,hateful
90617.png,not_hateful
90618.png,hateful
90625.png,not_hateful
90627.png,hateful
90632.png,not_hateful
90637.png,hateful
90638.png,not_hateful
90643.png,hateful
90648.png,not_hateful
90653.png,hateful
90654.png,not_hateful
90657.png,hateful
90673.png,not_hateful
90681.png,hateful
90682.png,not_hateful
90713.png,hateful
90718.png,not_hateful
90723.png,hateful
90725.png,not_hateful
90726.png,hateful
90728.png,not_hateful
90734.png,hateful
90742.png,not_hateful
90748.png,hateful
90752.png,not_hateful
90753.png,hateful
90756.png,not_hateful
90761.png,hateful
90768.png,not_hateful
90786.png,hateful
90814.png,not_hateful
90817.png,hateful
90826.png,not_hateful
90827.png,hateful
90834.png,not_hateful
90836.png,hateful
90842.png,not_hateful
90843.png,hateful
90845.png,not_hateful
90846.png,hateful
90847.png,not_hateful
90856.png,hateful
90861.png,not_hateful
90864.png,hateful
90875.png,not_hateful
91024.png,hateful
91026.png,not_hateful
91027.png,hateful
91034.png,not_hateful
91036.png,hateful
91037.png,not_hateful
91042.png,hateful
91045.png,not_hateful
91048.png,hateful
91052.png,not_hateful
91056.png,hateful
91058.png,not_hateful
91063.png,hateful
91064.png,not_hateful
91065.png,hateful
91072.png,not_hateful
91075.png,hateful
91078.png,not_hateful
91082.png,hateful
91083.png,not_hateful
91208.png,hateful
91234.png,not_hateful
91236.png,hateful
91240.png,not_hateful
91243.png,hateful
91245.png,not_hateful
91253.png,hateful
91260.png,not_hateful
91268.png,hateful
91270.png,not_hateful
91273.png,hateful
91274.png,not_hateful
91275.png,hateful
91276.png,not_hateful
91283.png,hateful
91284.png,not_hateful
91286.png,hateful
91308.png,not_hateful
91320.png,hateful
91340.png,not_hateful
91345.png,hateful
91348.png,not_hateful
91356.png,hateful
91358.png,not_hateful
91365.png,hateful
91367.png,not_hateful
91372.png,hateful
91374.png,not_hateful
91375.png,hateful
91385.png,not_hateful
91402.png,hateful
91403.png,not_hateful
91405.png,hateful
91423.png,not_hateful
91427.png,hateful
91428.png,not_hateful
91430.png,hateful
91432.png,not_hateful
91436.png,hateful
91453.png,not_hateful
91457.png,hateful
91462.png,not_hateful
91468.png,hateful
91476.png,not_hateful
91482.png,hateful
91483.png,not_hateful
91486.png,hateful
91487.png,not_hateful
91526.png,hateful
91527.png,not_hateful
91530.png,hateful
91536.png,not_hateful
91537.png,hateful
91540.png,not_hateful
91547.png,hateful
91562.png,not_hateful
91563.png,hateful
91570.png,not_hateful
91573.png,hateful
91574.png,not_hateful
91584.png,hateful
91586.png,not_hateful
91602.png,hateful
91625.png,not_hateful
91627.png,hateful
91637.png,not_hateful
91638.png,hateful
91647.png,not_hateful
91648.png,hateful
91654.png,not_hateful
91674.png,hateful
91675.png,not_hateful
91680.png,hateful
91683.png,not_hateful
91704.png,hateful
91708.png,not_hateful
91724.png,hateful
91730.png,not_hateful
91736.png,hateful
91738.png,not_hateful
91740.png,hateful
91748.png,not_hateful
91750.png,hateful
91753.png,not_hateful
91754.png,hateful
91756.png,not_hateful
91763.png,hateful
91764.png,not_hateful
91765.png,hateful
91768.png,not_hateful
91786.png,hateful
91802.png,not_hateful
91803.png,hateful
91805.png,not_hateful
91806.png,hateful
91824.png,not_hateful
91827.png,hateful
91836.png,not_hateful
91840.png,hateful
91842.png,not_hateful
91845.png,hateful
91847.png,not_hateful
91853.png,hateful
91856.png,not_hateful
91862.png,hateful
91863.png,not_hateful
91870.png,hateful
91872.png,not_hateful
92013.png,hateful
92014.png,not_hateful
92015.png,hateful
92016.png,not_hateful
92038.png,hateful
92041.png,not_hateful
92046.png,hateful
92051.png,not_hateful
92056.png,hateful
92058.png,not_hateful
92064.png,hateful
92067.png,not_hateful
92068.png,hateful
92074.png,not_hateful
92075.png,hateful
92078.png,not_hateful
92081.png,hateful
92084.png,not_hateful
92085.png,hateful
92086.png,not_hateful
92104.png,hateful
92108.png,not_hateful
92136.png,hateful
92140.png,not_hateful
92143.png,hateful
92146.png,not_hateful
92147.png,hateful
92148.png,not_hateful
92154.png,hateful
92157.png,not_hateful
92158.png,hateful
92160.png,not_hateful
92167.png,hateful
92168.png,not_hateful
92170.png,hateful
92180.png,not_hateful
92183.png,hateful
92185.png,not_hateful
92187.png,hateful
92308.png,not_hateful
92314.png,hateful
92315.png,not_hateful
92317.png,hateful
92341.png,not_hateful
92346.png,hateful
92354.png,not_hateful
92357.png,hateful
92358.png,not_hateful
92364.png,hateful
92365.png,not_hateful
92368.png,hateful
92370.png,not_hateful
92375.png,hateful
92381.png,not_hateful
92385.png,hateful
92386.png,not_hateful
92405.png,hateful
92407.png,not_hateful
92408.png,hateful
92413.png,not_hateful
92417.png,hateful
92418.png,not_hateful
92430.png,hateful
92435.png,not_hateful
92436.png,hateful
92437.png,not_hateful
92450.png,hateful
92453.png,not_hateful
92456.png,hateful
92457.png,not_hateful
92467.png,hateful
92473.png,not_hateful
92478.png,hateful
92481.png,not_hateful
92483.png,hateful
92501.png,not_hateful
92513.png,hateful
92514.png,not_hateful
92517.png,hateful
92534.png,not_hateful
92541.png,hateful
92546.png,not_hateful
92547.png,hateful
92561.png,not_hateful
92567.png,hateful
92568.png,not_hateful
92571.png,hateful
92573.png,not_hateful
92578.png,hateful
92581.png,not_hateful
92584.png,hateful
92601.png,not_hateful
92603.png,hateful
92605.png,not_hateful
92607.png,hateful
92608.png,not_hateful
92610.png,hateful
92613.png,not_hateful
92614.png,hateful
92617.png,not_hateful
92631.png,hateful
92637.png,not_hateful
92640.png,hateful
92641.png,not_hateful
92643.png,hateful
92645.png,not_hateful
92653.png,hateful
92654.png,not_hateful
92658.png,hateful
92670.png,not_hateful
92671.png,hateful
92680.png,not_hateful
92683.png,hateful
92705.png,not_hateful
92708.png,hateful
92710.png,not_hateful
92718.png,hateful
92734.png,not_hateful
92735.png,hateful
92738.png,not_hateful
92741.png,hateful
92743.png,not_hateful
92750.png,hateful
92768.png,not_hateful
92780.png,hateful
92783.png,not_hateful
92785.png,hateful
92806.png,not_hateful
92810.png,hateful
92814.png,not_hateful
92816.png,hateful
92817.png,not_hateful
92831.png,hateful
92835.png,not_hateful
92836.png,hateful
92837.png,not_hateful
92843.png,hateful
92845.png,not_hateful
92846.png,hateful
92847.png,not_hateful
92851.png,hateful
92853.png,not_hateful
92854.png,hateful
92864.png,not_hateful
92867.png,hateful
92870.png,not_hateful
92874.png,hateful
92876.png,not_hateful
93015.png,hateful
93016.png,not_hateful
93024.png,hateful
93027.png,not_hateful
93041.png,hateful
93042.png,not_hateful
93045.png,hateful
93046.png,not_hateful
93051.png,hateful
93057.png,not_hateful
93068.png,hateful
93071.png,not_hateful
93072.png,hateful
93076.png,not_hateful
93081.png,hateful
93082.png,not_hateful
93084.png,hateful
93085.png,not_hateful
93086.png,hateful
93087.png,not_hateful
93102.png,hateful
93105.png,not_hateful
93106.png,hateful
93124.png,not_hateful
93125.png,hateful
93126.png,not_hateful
93127.png,hateful
93128.png,not_hateful
93142.png,hateful
93145.png,not_hateful
93146.png,hateful
93147.png,not_hateful
93148.png,hateful
93152.png,not_hateful
93158.png,hateful
93162.png,not_hateful
93164.png,hateful
93165.png,not_hateful
93167.png,hateful
93168.png,not_hateful
93172.png,hateful
93174.png,not_hateful
93184.png,hateful
93185.png,not_hateful
93186.png,hateful
93187.png,not_hateful
93208.png,hateful
93215.png,not_hateful
93216.png,hateful
93245.png,not_hateful
93246.png,hateful
93247.png,not_hateful
93251.png,hateful
93254.png,not_hateful
93260.png,hateful
93261.png,not_hateful
93268.png,hateful
93271.png,not_hateful
93275.png,hateful
93280.png,not_hateful
93284.png,hateful
93286.png,not_hateful
93287.png,hateful
93401.png,not_hateful
93405.png,hateful
93410.png,not_hateful
93416.png,hateful
93425.png,not_hateful
93426.png,hateful
93428.png,not_hateful
93462.png,hateful
93468.png,not_hateful
93471.png,hateful
93478.png,not_hateful
93481.png,hateful
93486.png,not_hateful
93487.png,hateful
93502.png,not_hateful
93506.png,hateful
93512.png,not_hateful
93517.png,hateful
93520.png,not_hateful
93521.png,hateful
93524.png,not_hateful
93526.png,hateful
93528.png,not_hateful
93541.png,hateful
93542.png,not_hateful
93547.png,hateful
93548.png,not_hateful
93568.png,hateful
93572.png,not_hateful
93578.png,hateful
93581.png,not_hateful
93584.png,hateful
93586.png,not_hateful
93602.png,hateful
93605.png,not_hateful
93610.png,hateful
93614.png,not_hateful
93615.png,hateful
93618.png,not_hateful
93620.png,hateful
93624.png,not_hateful
93642.png,hateful
93647.png,not_hateful
93648.png,hateful
93650.png,not_hateful
93658.png,hateful
93671.png,not_hateful
93685.png,hateful
93687.png,not_hateful
93702.png,hateful
93705.png,not_hateful
93712.png,hateful
93718.png,not_hateful
93725.png,hateful
93728.png,not_hateful
93740.png,hateful
93741.png,not_hateful
93750.png,hateful
93754.png,not_hateful
93756.png,hateful
93758.png,not_hateful
93761.png,hateful
93764.png,not_hateful
93784.png,hateful
93786.png,not_hateful
93810.png,hateful
93820.png,not_hateful
93826.png,hateful
93827.png,not_hateful
93841.png,hateful
93852.png,not_hateful
93854.png,hateful
93857.png,not_hateful
93861.png,hateful
93867.png,not_hateful
93874.png,hateful
93875.png,not_hateful
94012.png,hateful
94013.png,not_hateful
94015.png,hateful
94016.png,not_hateful
94017.png,hateful
94018.png,not_hateful
94021.png,hateful
94025.png,not_hateful
94026.png,hateful
94031.png,not_hateful
94037.png,hateful
94051.png,not_hateful
94062.png,hateful
94065.png,not_hateful
94067.png,hateful
94068.png,not_hateful
94071.png,hateful
94078.png,not_hateful
94081.png,hateful
94083.png,not_hateful
94085.png,hateful
94086.png,not_hateful
94087.png,hateful
94106.png,not_hateful
94107.png,hateful
94108.png,not_hateful
94130.png,hateful
94132.png,not_hateful
94138.png,hateful
94150.png,not_hateful
94152.png,hateful
94153.png,not_hateful
94156.png,hateful
94158.png,not_hateful
94162.png,hateful
94163.png,not_hateful
94170.png,hateful
94172.png,not_hateful
94175.png,hateful
94176.png,not_hateful
94178.png,hateful
94180.png,not_hateful
94185.png,hateful
94205.png,not_hateful
94210.png,hateful
94216.png,not_hateful
94217.png,hateful
94230.png,not_hateful
94231.png,hateful
94236.png,not_hateful
94237.png,hateful
94251.png,not_hateful
94253.png,hateful
94256.png,not_hateful
94267.png,hateful
94278.png,not_hateful
94281.png,hateful
94287.png,not_hateful
94302.png,hateful
94305.png,not_hateful
94318.png,hateful
94325.png,not_hateful
94350.png,hateful
94351.png,not_hateful
94352.png,hateful
94356.png,not_hateful
94357.png,hateful
94358.png,not_hateful
94360.png,hateful
94361.png,not_hateful
94365.png,hateful
94370.png,not_hateful
94372.png,hateful
94378.png,not_hateful
94380.png,hateful
94387.png,not_hateful
94501.png,hateful
94506.png,not_hateful
94507.png,hateful
94508.png,not_hateful
94512.png,hateful
94517.png,not_hateful
94518.png,hateful
94523.png,not_hateful
94528.png,hateful
94532.png,not_hateful
94560.png,hateful
94563.png,not_hateful
94571.png,hateful
94576.png,not_hateful
94578.png,hateful
94580.png,not_hateful
94581.png,hateful
94586.png,not_hateful
94601.png,hateful
94602.png,not_hateful
94605.png,hateful
94608.png,not_hateful
94610.png,hateful
94615.png,not_hateful
94617.png,hateful
94620.png,not_hateful
94625.png,hateful
94628.png,not_hateful
94638.png,hateful
94650.png,not_hateful
94651.png,hateful
94675.png,not_hateful
94678.png,hateful
94681.png,not_hateful
94687.png,hateful
94710.png,not_hateful
94718.png,hateful
94720.png,not_hateful
94721.png,hateful
94723.png,not_hateful
94725.png,hateful
94731.png,not_hateful
94732.png,hateful
94738.png,not_hateful
94753.png,hateful
94762.png,not_hateful
94780.png,hateful
94782.png,not_hateful
94783.png,hateful
94786.png,not_hateful
94802.png,hateful
94803.png,not_hateful
94813.png,hateful
94815.png,not_hateful
94823.png,hateful
94836.png,not_hateful
94850.png,hateful
94860.png,not_hateful
94861.png,hateful
94870.png,not_hateful
94871.png,hateful
94872.png,not_hateful
94873.png,hateful
94876.png,not_hateful
95014.png,hateful
95021.png,not_hateful
95024.png,hateful
95027.png,not_hateful
95031.png,hateful
95034.png,not_hateful
95036.png,hateful
95038.png,not_hateful
95048.png,hateful
95062.png,not_hateful
95064.png,hateful
95067.png,not_hateful
95068.png,hateful
95071.png,not_hateful
95072.png,hateful
95078.png,not_hateful
95081.png,hateful
95086.png,not_hateful
95087.png,hateful
95102.png,not_hateful
95103.png,hateful
95108.png,not_hateful
95130.png,hateful
95162.png,not_hateful
95163.png,hateful
95164.png,not_hateful
95173.png,hateful
95174.png,not_hateful
95176.png,hateful
95184.png,not_hateful
95186.png,hateful
95201.png,not_hateful
95203.png,hateful
95208.png,not_hateful
95213.png,hateful
95214.png,not_hateful
95237.png,hateful
95247.png,not_hateful
95260.png,hateful
95263.png,not_hateful
95264.png,hateful
95267.png,not_hateful
95274.png,hateful
95278.png,not_hateful
95281.png,hateful
95283.png,not_hateful
95302.png,hateful
95306.png,not_hateful
95317.png,hateful
95321.png,not_hateful
95326.png,hateful
95341.png,not_hateful
95348.png,hateful
95362.png,not_hateful
95371.png,hateful
95376.png,not_hateful
95380.png,hateful
95386.png,not_hateful
95387.png,hateful
95401.png,not_hateful
95402.png,hateful
95403.png,not_hateful
95413.png,hateful
95417.png,not_hateful
95421.png,hateful
95426.png,not_hateful
95427.png,hateful
95428.png,not_hateful
95438.png,hateful
95467.png,not_hateful
95476.png,hateful
95478.png,not_hateful
95482.png,hateful
95487.png,not_hateful
95604.png,hateful
95608.png,not_hateful
95613.png,hateful
95637.png,not_hateful
95640.png,hateful
95647.png,not_hateful
95672.png,hateful
95680.png,not_hateful
95683.png,hateful
95684.png,not_hateful
95687.png,hateful
95712.png,not_hateful
95714.png,hateful
95718.png,not_hateful
95720.png,hateful
95723.png,not_hateful
95724.png,hateful
95726.png,not_hateful
95742.png,hateful
95763.png,not_hateful
95764.png,hateful
95780.png,not_hateful
95783.png,hateful
95801.png,not_hateful
95803.png,hateful
95806.png,not_hateful
95810.png,hateful
95812.png,not_hateful
95813.png,hateful
95814.png,not_hateful
95817.png,hateful
95821.png,not_hateful
95830.png,hateful
95831.png,not_hateful
95843.png,hateful
95846.png,not_hateful
95861.png,hateful
95863.png,not_hateful
95872.png,hateful
95874.png,not_hateful
95876.png,hateful
96013.png,not_hateful
96015.png,hateful
96023.png,not_hateful
96027.png,hateful
96034.png,not_hateful
96037.png,hateful
96042.png,not_hateful
96054.png,hateful
96057.png,not_hateful
96058.png,hateful
96071.png,not_hateful
96073.png,hateful
96078.png,not_hateful
96081.png,hateful
96082.png,not_hateful
96083.png,hateful
96087.png,not_hateful
96103.png,hateful
96104.png,not_hateful
96120.png,hateful
96123.png,not_hateful
96124.png,hateful
96127.png,not_hateful
96137.png,hateful
96143.png,not_hateful
96145.png,hateful
96150.png,not_hateful
96152.png,hateful
96153.png,not_hateful
96172.png,hateful
96174.png,not_hateful
96180.png,hateful
96182.png,not_hateful
96183.png,hateful
96184.png,not_hateful
96185.png,hateful
96204.png,not_hateful
96208.png,hateful
96213.png,not_hateful
96215.png,hateful
96230.png,not_hateful
96231.png,hateful
96235.png,not_hateful
96238.png,hateful
96240.png,not_hateful
96241.png,hateful
96250.png,not_hateful
96253.png,hateful
96258.png,not_hateful
96270.png,hateful
96280.png,not_hateful
96284.png,hateful
96301.png,not_hateful
96302.png,hateful
96305.png,not_hateful
96307.png,hateful
96308.png,not_hateful
96312.png,hateful
96315.png,not_hateful
96317.png,hateful
96325.png,not_hateful
96327.png,hateful
96328.png,not_hateful
96340.png,hateful
96342.png,not_hateful
96345.png,hateful
96354.png,not_hateful
96370.png,hateful
96371.png,not_hateful
96380.png,hateful
96381.png,not_hateful
96382.png,hateful
96402.png,not_hateful
96405.png,hateful
96407.png,not_hateful
96408.png,hateful
96415.png,not_hateful
96417.png,hateful
96420.png,not_hateful
96421.png,hateful
96423.png,not_hateful
96425.png,hateful
96431.png,not_hateful
96432.png,hateful
96435.png,not_hateful
96450.png,hateful
96451.png,not_hateful
96452.png,hateful
96470.png,not_hateful
96471.png,hateful
96472.png,not_hateful
96475.png,hateful
96485.png,not_hateful
96502.png,hateful
96507.png,not_hateful
96508.png,hateful
96510.png,not_hateful
96513.png,hateful
96514.png,not_hateful
96517.png,hateful
96524.png,not_hateful
96531.png,hateful
96541.png,not_hateful
96570.png,hateful
96573.png,not_hateful
96578.png,hateful
96581.png,not_hateful
96583.png,hateful
96587.png,not_hateful
96701.png,hateful
96704.png,not_hateful
96708.png,hateful
96710.png,not_hateful
96713.png,hateful
96720.png,not_hateful
96725.png,hateful
96730.png,not_hateful
96734.png,hateful
96735.png,not_hateful
96745.png,hateful
96752.png,not_hateful
96753.png,hateful
96781.png,not_hateful
96784.png,hateful
96785.png,not_hateful
96801.png,hateful
96802.png,not_hateful
96804.png,hateful
96810.png,not_hateful
96820.png,hateful
96821.png,not_hateful
96824.png,hateful
96840.png,not_hateful
96845.png,hateful
96857.png,not_hateful
96872.png,hateful
96873.png,not_hateful
96874.png,hateful
97012.png,not_hateful
97013.png,hateful
97015.png,not_hateful
97021.png,hateful
97023.png,not_hateful
97025.png,hateful
97026.png,not_hateful
97035.png,hateful
97041.png,not_hateful
97045.png,hateful
97051.png,not_hateful
97053.png,hateful
97058.png,not_hateful
97062.png,hateful
97063.png,not_hateful
97068.png,hateful
97102.png,not_hateful
97103.png,hateful
97105.png,not_hateful
97108.png,hateful
97125.png,not_hateful
97128.png,hateful
97132.png,not_hateful
97142.png,hateful
97143.png,not_hateful
97146.png,hateful
97153.png,not_hateful
97154.png,hateful
97160.png,not_hateful
97162.png,hateful
97180.png,not_hateful
97183.png,hateful
97184.png,not_hateful
97185.png,hateful
97201.png,not_hateful
97204.png,hateful
97208.png,not_hateful
97210.png,hateful
97213.png,not_hateful
97230.png,hateful
97236.png,not_hateful
97238.png,hateful
97241.png,not_hateful
97245.png,hateful
97246.png,not_hateful
97250.png,hateful
97256.png,not_hateful
97258.png,hateful
97261.png,not_hateful
97263.png,hateful
97283.png,not_hateful
97301.png,hateful
97305.png,not_hateful
97314.png,hateful
97315.png,not_hateful
97316.png,hateful
97320.png,not_hateful
97321.png,hateful
97325.png,not_hateful
97345.png,hateful
97348.png,not_hateful
97361.png,hateful
97365.png,not_hateful
97384.png,hateful
97386.png,not_hateful
97401.png,hateful
97402.png,not_hateful
97403.png,hateful
97406.png,not_hateful
97413.png,hateful
97415.png,not_hateful
97421.png,hateful
97423.png,not_hateful
97426.png,hateful
97436.png,not_hateful
97438.png,hateful
97453.png,not_hateful
97456.png,hateful
97463.png,not_hateful
97465.png,hateful
97481.png,not_hateful
97486.png,hateful
97501.png,not_hateful
97502.png,hateful
97503.png,not_hateful
97506.png,hateful
97508.png,not_hateful
97510.png,hateful
97512.png,not_hateful
97514.png,hateful
97520.png,not_hateful
97521.png,hateful
97523.png,not_hateful
97524.png,hateful
97528.png,not_hateful
97531.png,hateful
97542.png,not_hateful
97543.png,hateful
97546.png,not_hateful
97562.png,hateful
97564.png,not_hateful
97568.png,hateful
97582.png,not_hateful
97583.png,hateful
97586.png,not_hateful
97601.png,hateful
97604.png,not_hateful
97610.png,hateful
97615.png,not_hateful
97621.png,hateful
97623.png,not_hateful
97624.png,hateful
97625.png,not_hateful
97628.png,hateful
97635.png,not_hateful
97638.png,hateful
97642.png,not_hateful
97643.png,hateful
97651.png,not_hateful
97683.png,hateful
97685.png,not_hateful
97804.png,hateful
97805.png,not_hateful
97810.png,hateful
97814.png,not_hateful
97815.png,hateful
97816.png,not_hateful
97821.png,hateful
97823.png,not_hateful
97824.png,hateful
97826.png,not_hateful
97831.png,hateful
97832.png,not_hateful
97836.png,hateful
97842.png,not_hateful
97845.png,hateful
97852.png,not_hateful
97853.png,hateful
97860.png,not_hateful
98013.png,hateful
98015.png,not_hateful
98016.png,hateful
98023.png,not_hateful
98026.png,hateful
98032.png,not_hateful
98034.png,hateful
98035.png,not_hateful
98047.png,hateful
98057.png,not_hateful
98064.png,hateful
98067.png,not_hateful
98071.png,hateful
98072.png,not_hateful
98075.png,hateful
98103.png,not_hateful
98105.png,hateful
98120.png,not_hateful
98124.png,hateful
98125.png,not_hateful
98134.png,hateful
98137.png,not_hateful
98143.png,hateful
98145.png,not_hateful
98154.png,hateful
98156.png,not_hateful
98157.png,hateful
98163.png,not_hateful
98170.png,hateful
98176.png,not_hateful
98203.png,hateful
98215.png,not_hateful
98217.png,hateful
98235.png,not_hateful
98241.png,hateful
98243.png,not_hateful
98245.png,hateful
98246.png,not_hateful
98256.png,hateful
98270.png,not_hateful
98271.png,hateful
98274.png,not_hateful
98276.png,hateful
98305.png,not_hateful
98307.png,hateful
98310.png,not_hateful
98314.png,hateful
98315.png,not_hateful
98316.png,hateful
98321.png,not_hateful
98326.png,hateful
98340.png,not_hateful
98341.png,hateful
98345.png,not_hateful
98346.png,hateful
98350.png,not_hateful
98351.png,hateful
98357.png,not_hateful
98361.png,hateful
98362.png,not_hateful
98364.png,hateful
98365.png,not_hateful
98367.png,hateful
98374.png,not_hateful
98401.png,hateful
98406.png,not_hateful
98412.png,hateful
98416.png,not_hateful
98421.png,hateful
98425.png,not_hateful
98426.png,hateful
98427.png,not_hateful
98437.png,hateful
98457.png,not_hateful
98461.png,hateful
98463.png,not_hateful
98473.png,hateful
98501.png,not_hateful
98504.png,hateful
98506.png,not_hateful
98513.png,hateful
98514.png,not_hateful
98516.png,hateful
98517.png,not_hateful
98523.png,hateful
98526.png,not_hateful
98530.png,hateful
98531.png,not_hateful
98537.png,hateful
98541.png,not_hateful
98542.png,hateful
98543.png,not_hateful
98547.png,hateful
98561.png,not_hateful
98564.png,hateful
98567.png,not_hateful
98571.png,hateful
98573.png,not_hateful
98574.png,hateful
98601.png,not_hateful
98602.png,hateful
98603.png,not_hateful
98604.png,hateful
98613.png,not_hateful
98621.png,hateful
98624.png,not_hateful
98625.png,hateful
98627.png,not_hateful
98632.png,hateful
98637.png,not_hateful
98642.png,hateful
98643.png,not_hateful
98653.png,hateful
98654.png,not_hateful
98657.png,hateful
98670.png,not_hateful
98701.png,hateful
98702.png,not_hateful
98706.png,hateful
98714.png,not_hateful
98716.png,hateful
98720.png,not_hateful
98721.png,hateful
98723.png,not_hateful
98724.png,hateful
98726.png,not_hateful
98731.png,hateful
98734.png,not_hateful
98735.png,hateful
98736.png,not_hateful
98751.png,hateful
98752.png,not_hateful
98754.png,hateful
98756.png,not_hateful
98762.png,hateful
98764.png,not_hateful
